	1	2	3	4	5	6	7	8	9	10	11	12	13	14	15	16	17	18	19	20	21	22	23	24	25	26	27	28	29	30	31	32	33	34	35	36	37	38	39	40	41	42	43	44	45	46	47	48	49	50
BR_EC_ATAC_REP1_T1_1 - Adapter 1	14177954	4617735	1760067	1037083	906887	788390	824854	820885	848775	722268	664051	594619	565066	455777	303324	145657	99530	62451	51160	44026	64138	60987	76214	64923	9961	3654	4742	3193	5974	10143	5916	2683	4858	676	591	1513	1072	2610	896	4157	1993	4673	1622	2411	521	536	2070	1510	1142	1626
	1	2	3	4	5	6	7	8	9	10	11	12	13	14	15	16	17	18	19	20	21	22	23	24	25	26	27	28	29	30	31	32	33	34	35	36	37	38	39	40	41	42	43	44	45	46	47	48	49	50
BR_EC_ATAC_REP1_T1_2 - Adapter 1	14439337	4589202	1741353	1052356	898399	793940	804578	824375	866427	715499	659816	586523	552124	468668	299200	148598	96490	62571	52789	44994	56314	60020	75701	68363	9641	3647	3986	3384	5740	8145	5563	2603	4637	640	567	1451	1145	2464	880	3742	1603	4714	1616	2444	503	485	2133	1496	1098	1661
	1	2	3	4	5	6	7	8	9	10	11	12	13	14	15	16	17	18	19	20	21	22	23	24	25	26	27	28	29	30	31	32	33	34	35	36	37	38	39	40	41	42	43	44	45	46	47	48	49	50
BR_EC_ATAC_REP2_T1_1 - Adapter 1	12936359	4462565	1706942	941781	750987	641017	641249	576475	584980	553455	565439	541473	506750	409235	272780	135725	97011	54061	39040	31524	48539	48785	49724	31510	7370	2973	5815	2908	6776	4813	4482	1811	2847	781	575	779	779	1498	772	1984	1033	2859	901	1019	307	364	1358	1016	480	641
	1	2	3	4	5	6	7	8	9	10	11	12	13	14	15	16	17	18	19	20	21	22	23	24	25	26	27	28	29	30	31	32	33	34	35	36	37	38	39	40	41	42	43	44	45	46	47	48	49	50
BR_EC_ATAC_REP2_T1_2 - Adapter 1	13156565	4449447	1694676	951230	746485	648995	631262	580759	593948	549759	563019	535973	499950	419058	270567	138873	94890	53833	40711	32326	43717	46922	51658	33095	7093	3100	5031	3237	6459	3806	4748	1638	2813	793	559	844	788	1470	770	1864	931	2798	859	1044	292	448	1307	939	486	677
	1	2	3	4	5	6	7	8	9	10	11	12	13	14	15	16	17	18	19	20	21	22	23	24	25	26	27	28	29	30	31	32	33	34	35	36	37	38	39	40	41	42	43	44	45	46	47	48	49	50	51	52	53	54	55	56	57	58	59	60	61	62	63	64	65	66	67	68	69	70	71	72	73	74	75	76
BR_EC_ATAC_REP3_T1_1 - Adapter 1	5369970	1876521	755278	401066	327565	301492	315144	330341	364746	393016	410940	426003	409635	393520	392650	388074	400610	397432	447576	489689	562627	556838	528136	536849	550221	519616	504959	494928	563426	639909	659089	686483	628863	623673	615327	652225	503089	515902	500520	490349	339783	191691	145618	67442	47253	42592	57081	55994	74581	58443	8050	2684	3840	2575	5859	5065	4071	1287	2697	436	395	679	579	1090	387	1749	877	1744	466	1101	235	211	920	567	527	7117
	1	2	3	4	5	6	7	8	9	10	11	12	13	14	15	16	17	18	19	20	21	22	23	24	25	26	27	28	29	30	31	32	33	34	35	36	37	38	39	40	41	42	43	44	45	46	47	48	49	50	51	52	53	54	55	56	57	58	59	60	61	62	63	64	65	66	67	68	69	70	71	72	73	74	75	76
BR_EC_ATAC_REP3_T1_2 - Adapter 1	5481157	1852769	747313	402204	326253	305030	313863	331304	366936	393128	410639	424173	405480	397720	390208	393597	395258	403494	455535	488677	550720	554159	526519	547805	555156	510439	498842	506987	570607	604104	675459	679923	637906	612258	603677	592348	552549	489500	543707	486666	329244	198007	124608	83942	52639	44982	56437	56354	73802	59116	7814	2606	3906	2903	5359	4382	4187	1202	2613	473	424	612	606	957	385	1604	859	1701	538	1000	186	184	740	457	410	7261
	1	2	3	4	5	6	7	8	9	10	11	12	13	14	15	16	17	18	19	20	21	22	23	24	25	26	27	28	29	30	31	32	33	34	35	36	37	38	39	40	41	42	43	44	45	46	47	48	49	50	51	52	53	54	55	56	57	58	59	60	61	62	63	64	65	66	67	68	69	70	71	72	73	74	75	76
BR_EC_ATAC_REP4_T1_1 - Adapter 1	5254580	1819770	727751	398030	323881	288643	293654	310129	343839	380959	393458	413265	401716	394048	387104	363224	364413	357933	404297	447954	501887	506885	511740	558757	560770	487865	447177	418560	470905	530604	553659	568280	557052	602638	591181	498320	421372	367964	360702	323346	209703	108404	89663	42022	39270	37538	47271	44411	61120	54152	7644	2483	3051	2143	4165	4991	3361	1236	2480	378	302	799	562	1239	328	1841	932	1934	580	1237	309	200	916	646	858	21565
	1	2	3	4	5	6	7	8	9	10	11	12	13	14	15	16	17	18	19	20	21	22	23	24	25	26	27	28	29	30	31	32	33	34	35	36	37	38	39	40	41	42	43	44	45	46	47	48	49	50	51	52	53	54	55	56	57	58	59	60	61	62	63	64	65	66	67	68	69	70	71	72	73	74	75	76
BR_EC_ATAC_REP4_T1_2 - Adapter 1	5345895	1797822	718159	401305	322171	292871	292997	311726	346262	381338	393177	411549	397230	398647	385347	368373	358155	364772	410563	446751	487399	507404	508518	573008	565124	477692	437059	434513	476282	506194	565296	570861	556427	585365	582593	510106	428968	357023	366855	316706	203633	115537	75672	53312	42635	39661	46650	44774	60292	54524	7403	2462	3049	2201	3878	4355	3329	1156	2399	353	317	706	692	1104	360	1610	807	1852	541	1161	259	174	879	595	542	21950
	1	2	3	4	5	6	7	8	9	10	11	12	13	14	15	16	17	18	19	20	21	22	23	24	25	26	27	28	29	30	31	32	33	34	35	36	37	38	39	40	41	42	43	44	45	46	47	48	49	50	51	52	53	54	55	56	57	58	59	60	61	62	63	64	65	66	67	68	69	70	71	72	73	74	75	76
LG_EC_ATAC_REP1_T1_1 - Adapter 1	3523258	1309298	570458	335923	290123	275163	294454	297404	335907	352176	375570	394998	385364	379225	385310	395581	412575	408125	458122	497110	561957	565802	555374	562507	589167	582875	590682	582089	649908	726666	745773	779847	731167	727530	675857	667446	625695	564785	558527	461067	298537	135428	115846	50007	48186	45583	64351	62589	78502	50139	10253	3415	5362	2764	7370	3320	4519	1157	2299	345	346	410	287	709	257	877	546	1012	351	612	134	124	465	327	245	2246
	1	2	3	4	5	6	7	8	9	10	11	12	13	14	15	16	17	18	19	20	21	22	23	24	25	26	27	28	29	30	31	32	33	34	35	36	37	38	39	40	41	42	43	44	45	46	47	48	49	50	51	52	53	54	55	56	57	58	59	60	61	62	63	64	65	66	67	68	69	70	71	72	73	74	75	76
LG_EC_ATAC_REP1_T1_2 - Adapter 1	3603193	1296282	560744	337834	289321	278758	294095	298838	337696	352365	374703	392232	381553	383073	383479	400786	404354	415679	464163	495654	546895	565565	553140	575323	594125	572275	581042	597957	656192	688333	761855	768716	741906	696606	682601	676841	628347	561483	572426	446361	273759	149631	96576	65714	52875	47590	63663	62827	77392	50790	9798	3241	5340	3053	6641	2950	4590	1094	2218	341	319	370	302	615	226	794	555	1117	346	567	118	95	432	318	211	2292
	1	2	3	4	5	6	7	8	9	10	11	12	13	14	15	16	17	18	19	20	21	22	23	24	25	26	27	28	29	30	31	32	33	34	35	36	37	38	39	40	41	42	43	44	45	46	47	48	49	50	51	52	53	54	55	56	57	58	59	60	61	62	63	64	65	66	67	68	69	70	71	72	73	74	75	76
LG_EC_ATAC_REP2_T1_1 - Adapter 1	2740496	1006110	444319	257576	223449	210043	223188	229170	258275	274302	294052	311598	298988	292736	294696	299875	314726	306976	349812	381539	432679	435327	423173	427669	440318	434322	438908	425831	479898	542726	556579	591338	538974	517705	549940	432074	453804	424544	413701	400105	153301	106203	88373	32996	33300	32104	45807	44425	55772	35539	7159	2484	3783	2095	5077	2712	3144	937	1641	262	214	324	199	488	220	718	426	810	253	485	103	91	333	245	208	1276
	1	2	3	4	5	6	7	8	9	10	11	12	13	14	15	16	17	18	19	20	21	22	23	24	25	26	27	28	29	30	31	32	33	34	35	36	37	38	39	40	41	42	43	44	45	46	47	48	49	50	51	52	53	54	55	56	57	58	59	60	61	62	63	64	65	66	67	68	69	70	71	72	73	74	75	76
LG_EC_ATAC_REP2_T1_2 - Adapter 1	2815999	1001700	435659	261557	223192	215867	225835	231811	260383	274862	294795	306841	298411	295851	295031	304528	305184	316088	351585	382396	421981	434534	425703	436140	443574	427999	429696	439329	482334	517497	569009	574367	552182	517828	502117	490062	459212	413005	416118	334219	202196	109847	71907	47365	38615	33604	45945	44648	55017	36787	6909	2405	3835	2169	4672	2415	3114	909	1688	272	222	310	237	475	172	615	389	876	279	456	97	87	331	281	179	1313
	1	2	3	4	5	6	7	8	9	10	11	12	13	14	15	16	17	18	19	20	21	22	23	24	25	26	27	28	29	30	31	32	33	34	35	36	37	38	39	40	41	42	43	44	45	46	47	48	49	50	51	52	53	54	55	56	57	58	59	60	61	62	63	64	65	66	67	68	69	70	71	72	73	74	75	76
LG_EC_ATAC_REP3_T1_1 - Adapter 1	2912319	1061567	451053	256324	218227	205884	226492	223586	256987	262287	280980	297152	291576	292329	308408	321593	335366	333956	368103	397602	440240	447958	439947	443789	464754	471859	487851	487407	534572	581534	601832	610380	588800	582959	568191	538401	548392	517864	526159	447529	273552	156140	121495	51015	46616	40680	58393	53429	66287	38332	10790	3639	6907	2894	8485	2419	6109	1195	3482	481	617	275	244	387	217	483	455	739	208	282	85	121	307	222	123	558
	1	2	3	4	5	6	7	8	9	10	11	12	13	14	15	16	17	18	19	20	21	22	23	24	25	26	27	28	29	30	31	32	33	34	35	36	37	38	39	40	41	42	43	44	45	46	47	48	49	50	51	52	53	54	55	56	57	58	59	60	61	62	63	64	65	66	67	68	69	70	71	72	73	74	75	76
LG_EC_ATAC_REP3_T1_2 - Adapter 1	2971255	1053242	448644	256782	216708	209201	226280	224774	258172	262724	280422	295047	288417	295917	306631	326430	329221	339892	373215	396924	429208	446625	439473	453531	468887	464540	482837	497331	537929	556844	607070	608258	588374	554958	554033	570198	547904	514281	533849	433199	279597	155486	101543	65186	51470	43256	57162	53742	65492	38705	10290	3543	6850	3299	7664	2254	6240	1181	3275	473	623	287	272	385	223	396	437	654	193	281	86	104	253	196	127	574
	1	2	3	4	5	6	7	8	9	10	11	12	13	14	15	16	17	18	19	20	21	22	23	24	25	26	27	28	29	30	31	32	33	34	35	36	37	38	39	40	41	42	43	44	45	46	47	48	49	50
LG_EC_ATAC_REP4_T1_1 - Adapter 1	12904843	4394889	1625824	858599	659818	536064	521174	474157	472818	436014	436674	406455	377293	300644	195034	96334	71278	43365	34152	27288	43052	38379	47109	37850	30166	167659	4908971	255017	1740931	1004782	24774	3491	6237	1184	1300	14600	3644	3156	807	3357	1502	3557	1442	1638	332	385	1611	1167	724	917
	1	2	3	4	5	6	7	8	9	10	11	12	13	14	15	16	17	18	19	20	21	22	23	24	25	26	27	28	29	30	31	32	33	34	35	36	37	38	39	40	41	42	43	44	45	46	47	48	49	50
LG_EC_ATAC_REP4_T1_2 - Adapter 1	13133127	4388852	1607251	870998	656439	543504	513064	477127	480210	429600	439126	405379	373772	305586	193470	98777	69828	43453	35231	27093	36548	39040	46832	36908	40065	186806	4841228	274868	1759584	939674	26565	3319	5756	1130	1311	13945	3367	2917	734	3017	1385	3570	1545	1718	346	386	1576	1176	689	917
	1	2	3	4	5	6	7	8	9	10	11	12	13	14	15	16	17	18	19	20	21	22	23	24	25	26	27	28	29	30	31	32	33	34	35	36	37	38	39	40	41	42	43	44	45	46	47	48	49	50
LV_EC_ATAC_REP1_T1_1 - Adapter 1	12620016	4393988	1697758	962017	770992	664509	653146	593642	602859	557529	571035	546017	519957	418027	275815	134643	93121	52356	37812	30314	45756	47408	49938	32681	7207	2894	5486	2708	6028	4735	3919	1580	2913	711	545	768	738	1535	829	1960	943	2752	833	1114	298	351	1351	1025	469	608
	1	2	3	4	5	6	7	8	9	10	11	12	13	14	15	16	17	18	19	20	21	22	23	24	25	26	27	28	29	30	31	32	33	34	35	36	37	38	39	40	41	42	43	44	45	46	47	48	49	50
LV_EC_ATAC_REP1_T1_2 - Adapter 1	12818480	4367025	1687318	969490	767964	668584	643593	596212	608120	554224	567921	544586	512216	425645	272290	137762	91064	52023	39293	31115	41012	45525	51868	34388	6901	2978	4570	2945	5683	3858	3958	1441	2700	740	570	807	798	1502	760	1869	953	2759	968	1126	260	349	1315	948	476	615
	1	2	3	4	5	6	7	8	9	10	11	12	13	14	15	16	17	18	19	20	21	22	23	24	25	26	27	28	29	30	31	32	33	34	35	36	37	38	39	40	41	42	43	44	45	46	47	48	49	50	51	52	53	54	55	56	57	58	59	60	61	62	63	64	65	66	67	68	69	70	71	72	73	74	75	76
LV_EC_ATAC_REP2_T1_1 - Adapter 1	2293767	729005	305398	169093	156987	83439	131971	106632	138548	150716	136200	170063	154705	134973	148215	140364	139720	146341	143953	164762	209274	173845	203015	170756	175154	171145	196060	132200	209831	154491	220442	164565	204848	187092	202478	196847	159870	144895	143148	120556	77536	37606	45807	5762	10142	10122	18556	16460	23319	14997	3587	1181	1888	1392	3096	1683	1401	387	923	197	163	182	200	282	203	385	235	556	158	317	62	73	279	209	141	1611
	1	2	3	4	5	6	7	8	9	10	11	12	13	14	15	16	17	18	19	20	21	22	23	24	25	26	27	28	29	30	31	32	33	34	35	36	37	38	39	40	41	42	43	44	45	46	47	48	49	50	51	52	53	54	55	56	57	58	59	60	61	62	63	64	65	66	67	68	69	70	71	72	73	74	75	76
LV_EC_ATAC_REP2_T1_2 - Adapter 1	2349872	686940	288398	172464	144837	88082	124372	108265	145241	150314	130586	176232	139053	142336	143382	152880	130868	141624	176142	145812	183037	188986	171408	233981	179403	170793	144029	192946	172750	182706	205428	170891	189406	178778	207610	212829	158564	88826	175771	78058	69304	42082	26159	15699	14983	18415	14018	20935	18874	14872	2459	1091	1946	2509	1660	1346	1807	438	759	255	135	214	200	256	242	323	271	530	137	234	57	54	273	178	111	1627
	1	2	3	4	5	6	7	8	9	10	11	12	13	14	15	16	17	18	19	20	21	22	23	24	25	26	27	28	29	30	31	32	33	34	35	36	37	38	39	40	41	42	43	44	45	46	47	48	49	50	51	52	53	54	55	56	57	58	59	60	61	62	63	64	65	66	67	68	69	70	71	72	73	74	75	76
LV_EC_ATAC_REP3_T1_1 - Adapter 1	1967844	625800	259228	156035	147075	78577	124949	102472	132010	145238	126465	162304	146587	130898	143435	136543	136372	142689	138591	159894	203082	164122	210954	165211	178087	175814	193249	135773	215018	133860	239615	134335	207399	194088	222129	204105	155121	136050	179059	113649	40026	43568	38776	7020	9895	10898	19661	17406	23573	16383	3316	1140	1719	1258	2490	1674	1422	355	926	192	144	186	246	279	241	443	296	509	158	334	57	73	281	183	123	2875
	1	2	3	4	5	6	7	8	9	10	11	12	13	14	15	16	17	18	19	20	21	22	23	24	25	26	27	28	29	30	31	32	33	34	35	36	37	38	39	40	41	42	43	44	45	46	47	48	49	50	51	52	53	54	55	56	57	58	59	60	61	62	63	64	65	66	67	68	69	70	71	72	73	74	75	76
LV_EC_ATAC_REP3_T1_2 - Adapter 1	2018903	586028	249236	156844	134971	82548	117455	104655	138561	143168	121702	167702	131982	138334	139195	148064	126828	137722	173091	139944	174518	183812	167941	238022	183300	174272	142704	193721	171856	179238	201807	163807	186530	181264	217318	218385	156665	87284	174738	75094	66848	41117	23885	15804	15803	20805	14868	22764	18824	16358	2169	1077	1726	2091	1338	1406	1686	416	712	224	158	224	248	220	220	380	300	562	154	294	70	77	271	156	110	2924

