	1	2	3	4	5	6	7	8	9	10	11	12	13	14	15	16	17	18	19	20	21	22	23	24	25	26	27	28	29	30	31	32	33	34	35	36	37	38	39	40	41	42	43	44	45	46	47	48	49	50
BR_EC_ATAC_REP1_T1_1	0.03042138729339024	0.0030591417681052504	0.0	0.0	0.005501396427254044	0.0001812720661853823	0.0	0.0	0.0	0.00029368885141662715	0.0	0.0	0.0	0.0	0.0	0.0005058755335406018	0.00027823154344733096	2.529377667703009e-05	1.8267727600077288e-05	0.0	0.0	0.0	0.0	0.0001644095484006956	0.0	0.0004749609176020095	0.0002416960882471764	0.0	0.0	0.00027542112381654987	0.0	0.0	0.0	0.0	0.0	0.0	0.0	0.0	0.0	0.0	0.0	0.0	0.0	0.0	2.950940612320177e-05	0.0	0.0	0.0	1.1241678523124485e-05	0.0
	1	2	3	4	5	6	7	8	9	10	11	12	13	14	15	16	17	18	19	20	21	22	23	24	25	26	27	28	29	30	31	32	33	34	35	36	37	38	39	40	41	42	43	44	45	46	47	48	49	50
BR_EC_ATAC_REP1_T1_2	0.11412552036675977	0.12895188912894556	0.14982628093657235	0.15953206513147494	0.1618604977955771	0.1308095765048919	0.12536438847025347	0.11735750294215805	0.10602589099084857	0.10827844232491964	0.11040311956579017	0.10907238587061531	0.11414659851399062	0.11293530765312396	0.10880961163513728	0.1100700848395426	0.1134201050394337	0.11423231631272944	0.11899457237708805	0.10808592858021114	0.10604275350863325	0.11178865644376526	0.10850327589538214	0.1117521209885651	0.10790465651402574	0.10645026435509652	0.11031880697686673	0.11212731200927438	0.11945267077690537	0.11683617010064815	0.11579209920781297	0.11433630183906834	0.10367356975988479	0.10645869561398885	0.11213714847798212	0.10422300679770247	0.10450545397059599	0.11191372011733502	0.11916460276475031	0.11715936835818798	0.11635699355359998	0.11415502977288297	0.10440427886388787	0.11040874040505173	0.10778661888953295	0.11439110502186858	0.10951221654283255	0.1154604696913808	0.11135866224025574	0.12728952591733853
	1	2	3	4	5	6	7	8	9	10	11	12	13	14	15	16	17	18	19	20	21	22	23	24	25	26	27	28	29	30	31	32	33	34	35	36	37	38	39	40	41	42	43	44	45	46	47	48	49	50
BR_EC_ATAC_REP2_T1_1	0.030606270253048826	0.0029739926684654965	0.0	0.0	0.004903232447297206	0.00013909879283112642	0.0	0.0	0.0	0.0002706378686605612	0.0	0.0	0.0	0.0	0.0	0.0005231324165170624	0.00027819758566225285	1.3607490603044975e-05	1.3607490603044975e-05	0.0	0.0	0.0	0.0	0.00013153907582943476	0.0	0.0004460233030998075	0.00024039900065379456	0.0	0.0	0.0002509826044561629	0.0	0.0	0.0	0.0	0.0	0.0	0.0	0.0	0.0	0.0	0.0	0.0	0.0	0.0	1.6631377403721637e-05	0.0	0.0	0.0	7.559717001691652e-06	0.0
	1	2	3	4	5	6	7	8	9	10	11	12	13	14	15	16	17	18	19	20	21	22	23	24	25	26	27	28	29	30	31	32	33	34	35	36	37	38	39	40	41	42	43	44	45	46	47	48	49	50
BR_EC_ATAC_REP2_T1_2	0.10371780531980915	0.11737367811166494	0.13724515022231162	0.1460295413782773	0.14843201944141493	0.11933466870190376	0.1142243000087602	0.10653002004443843	0.09542177188215271	0.0974719671330115	0.0997595374977234	0.09881457287251193	0.10371326948960813	0.10284541397781392	0.09850462447544257	0.09938759942124016	0.10278342429840005	0.10374653224441557	0.1080238201239727	0.09748557462361454	0.09578010246803291	0.10156328597432701	0.09810547141775325	0.10133649446427628	0.0982959762861959	0.09672960292344539	0.10040664927306821	0.10223005301387622	0.10892493839057436	0.10584208579728449	0.10476709403964395	0.1035499796023716	0.09280459785616707	0.09580278161903798	0.10124426591685562	0.09434829206791251	0.09452821333255276	0.10134707806807863	0.10821583693581566	0.10643325566681679	0.10547770743780296	0.10326119841290696	0.09358324870734132	0.0992983947606202	0.09680822398026297	0.10336703445093065	0.09923791702460666	0.10469452075642771	0.10099933108600082	0.11599780961735708
	1	2	3	4	5	6	7	8	9	10	12	14	16	18	20	22	24	26	28	30	32	34	36	38	40	42	44	46	48	50	52	54	56	58	60	62	64	66	68	70	72	74	76
BR_EC_ATAC_REP3_T1_1	9.400757945745024	0.007118934741009616	0.0	0.0001502860533178386	0.0008277293398120957	0.00010635628388647038	0.0	0.0009849516725138347	0.0003144446654034777	0.0	0.0	4.85539556873017e-05	0.00027282698910007625	0.0	8.207930604281954e-05	8.092325947883618e-06	0.00015837837926572222	0.00048322746374505025	0.001310956803557146	0.0018115249657619469	0.002105160793013724	0.0013641349455003813	0.0011560465639833739	0.0025779838376829237	0.0020600749770183723	0.000784955616944711	0.0018045886863780466	0.0016947642627996263	0.00041155257677808106	0.0008184809673002288	0.0010647188854286875	1.156046563983374e-05	0.0002520181509483755	0.0013236733157609632	0.0003236930379153447	5.2022095379251824e-05	0.00014103768080597163	0.0007837995703807275	2.312093127966748e-06	0.0007433379406413095	0.00170632472843946	0.0018207733382738138	0.0003768711798585799
	1	2	3	4	5	6	7	8	9	10	12	14	16	18	20	22	24	26	28	30	32	34	36	38	40	42	44	46	48	50	52	54	56	58	60	62	64	66	68	70	72	74	76
BR_EC_ATAC_REP3_T1_2	8.3530583778313	0.022478169390092725	2.312093127966748e-05	0.0007213730559256253	0.0	3.236930379153447e-05	0.00012022884265427089	0.0006473860758306894	0.17463701814158442	0.021371832828360634	0.030717313251602228	0.009240280185919108	0.00014913000675385524	0.00021155652120895743	0.00123350168377026	0.0037074413306946805	0.006683105186387884	0.00026473466315219264	0.0	0.0009352416702625494	0.004777940448943284	4.624186255933496e-05	0.0014658670431309181	0.013399735723131287	0.002603416862090558	0.00024045768530854179	0.0004300493218018151	0.002868151525242751	6.0114421327135446e-05	0.0049189781297492565	0.0009826395793858678	0.002153714748701026	0.000361842574526796	0.006176756791363167	0.00758250941316695	0.003235774332589463	0.005724742584845668	0.007706206395513171	6.127046789111882e-05	0.002158338934956959	0.002204580797516294	0.0022739435913552964	0.001347950293604614
	1	2	3	4	5	6	7	8	9	10	12	14	16	18	20	22	24	26	28	30	32	34	36	38	40	42	44	46	48	50	52	54	56	58	60	62	64	66	68	70	72	74	76
BR_EC_ATAC_REP4_T1_1	9.482847424602575	0.007985200169758344	0.0	0.000170370690078332	0.0009086436804177706	0.00016049412833466056	0.0	0.0010987674939834456	0.000323457397105239	0.0	0.0	3.456796610284997e-05	0.0002864202905664712	1.2345702179589276e-06	6.666679176978209e-05	7.4074213077535645e-06	0.00012098788135997491	0.00047037125304235137	0.0012716073244976953	0.0019148184080542967	0.002125929915325273	0.0013876569249858346	0.0012518542010103524	0.002671609951663119	0.0022296338136338235	0.0007876557990577958	0.001960497506118777	0.0017444477179759646	0.0004382724273754193	0.0007950632203655493	0.0011321008898683366	1.3580272397548201e-05	0.0002456794733738266	0.0014024717676013416	0.0003197536864513622	3.209882566693211e-05	0.00012716073244976953	0.0008580263014814545	2.469140435917855e-06	0.0007716063862243296	0.0016567932325008807	0.0017543242797196362	0.000392593329310939
	1	2	3	4	5	6	7	8	9	10	12	14	16	18	20	22	24	26	28	30	32	34	36	38	40	42	44	46	48	50	52	54	56	58	60	62	64	66	68	70	72	74	76
BR_EC_ATAC_REP4_T1_2	8.432524465971838	0.02409387237368643	1.975312348734284e-05	0.0007703718160063707	0.0	2.9629685231014258e-05	0.00011604960048813918	0.0006320999515949709	0.1785558906233997	0.021533373741639612	0.03074450213783117	0.009851870339312242	0.0001753089709501677	0.0002333337711942373	0.0012333356477409686	0.003935809854853061	0.007151865272636068	0.0003000005629640194	0.0	0.0009716067615336759	0.004987663680554068	4.567909806448032e-05	0.0014753114104609183	0.01376669250046	0.0027419804540867784	0.0002703708777330051	0.0004987663680554067	0.002913585714383069	6.913593220569994e-05	0.0052493925667613595	0.001023458710687951	0.002309880877801153	0.0003641982142978836	0.00650371590820763	0.008203719098337073	0.003354327282194406	0.005895072790753879	0.008381497209723159	5.9259370462028516e-05	0.0022938314649676873	0.002075312536388957	0.0023234611501987013	0.0013530889588829844
	1	2	3	4	5	6	7	8	9	10	12	14	16	18	20	22	24	26	28	30	32	34	36	38	40	42	44	46	48	50	52	54	56	58	60	62	64	66	68	70	72	74	76
LG_EC_ATAC_REP1_T1_1	9.450369832832676	0.0072175483049894485	0.0	0.00015404158198464092	0.0008346252987531455	9.802646126295332e-05	2.8007560360843803e-06	0.001053084269567727	0.00027727484757235365	0.0	0.0	6.301701081189857e-05	0.00027727484757235365	4.201134054126571e-06	6.441738882994076e-05	2.8007560360843803e-06	0.00013583666775009246	0.0004719273920802181	0.0013261579830859541	0.0018414970937254804	0.0020473526623776823	0.001361167433537009	0.001134306194614174	0.0026551167222079925	0.002073959844720484	0.0007996158483020907	0.0018064876432744255	0.0017490721445346958	0.000375301308835307	0.00073519845947215	0.0010768906958744445	1.540415819846409e-05	0.0002422653971212989	0.0013233572270498698	0.0003304892122579569	4.4812096577350084e-05	0.00013723704576813466	0.0008402268108253141	7.001890090210951e-06	0.0006903863628947998	0.0016762524875965018	0.0017602751686790331	0.00035569601658271634
	1	2	3	4	5	6	7	8	9	10	12	14	16	18	20	22	24	26	28	30	32	34	36	38	40	42	44	46	48	50	52	54	56	58	60	62	64	66	68	70	72	74	76
LG_EC_ATAC_REP1_T1_2	8.393244072304878	0.022352833923989443	2.5206804324759423e-05	0.0008066177383923015	0.0	3.921058450518133e-05	0.00011203024144337522	0.0007001890090210952	0.1758314639453774	0.02178988196073648	0.03085592924954162	0.009361527050612042	0.00013863742378617683	0.00020025405658003322	0.0012491371920936337	0.0036381820908736105	0.006713412218494261	0.00023806426306717234	0.0	0.000883638529384622	0.004832704540263599	5.1813986667561035e-05	0.0015936301845320127	0.013461833887439576	0.0027629458295972418	0.0002310623729769614	0.0004145118933404883	0.002789553011940043	9.242494919078456e-05	0.005010552548554956	0.0009396536501063096	0.0021607832818390997	0.0004061096252322352	0.006392725652362599	0.007616656040131472	0.0032516777578939656	0.00581156877487509	0.007720284013466595	7.14192789201517e-05	0.0020991666490452433	0.002288217681480939	0.0022294018047231672	0.0014956037232690593
	1	2	3	4	5	6	7	8	9	10	12	14	16	18	20	22	24	26	28	30	32	34	36	38	40	42	44	46	48	50	52	54	56	58	60	62	64	66	68	70	72	74	76
LG_EC_ATAC_REP2_T1_1	9.089956683213405	0.004566672797268504	0.0	0.0001876714848192536	0.0008463615982044771	3.679833035671639e-05	0.0	0.0004342202982092534	0.00025022864642567147	0.0	0.0	5.151766249940295e-05	0.00026126814553268637	0.0	6.439707812425369e-05	7.359666071343279e-06	0.00014351348839119392	0.0004654988790124624	0.0012787419798958946	0.0017773593562294015	0.00202022833658373	0.0014406546334654467	0.0010432326656129097	0.002524365462470744	0.0019337522602454462	0.0007690851044553725	0.00177367952319373	0.0017368811928370135	0.0004066215504417161	0.0007893241861515665	0.0010984301611479843	1.8399165178358195e-05	0.0002428689803543282	0.001304500811145596	0.00033118497321044755	5.151766249940295e-05	0.00015639290401604466	0.0008077233513299249	3.6798330356716395e-06	0.0006660497794565667	0.0014296151343584317	0.0017699996901580585	0.00037166313660283554
	1	2	3	4	5	6	7	8	9	10	12	14	16	18	20	22	24	26	28	30	32	34	36	38	40	42	44	46	48	50	52	54	56	58	60	62	64	66	68	70	72	74	76
LG_EC_ATAC_REP2_T1_2	7.998900907468906	0.015278666764108646	1.4719332142686558e-05	0.000805883434812089	0.0	1.1039499107014917e-05	0.0001214344901771641	0.0006550102803495518	0.15575997273390912	0.021302553443503118	0.029644734935370724	0.00918118342400074	4.415799642805967e-05	7.175674419559696e-05	0.00120146548614679	0.003337608563354177	0.005436953310204847	8.647607633828352e-05	0.0	0.0006697296124922383	0.004684427454409996	4.7837829463731305e-05	0.0013247398928417902	0.01341483133154096	0.0025464444606847743	0.00027598747767537294	0.00022078998214029833	0.002651319702201416	7.359666071343278e-05	0.004796662361997981	0.0007010081932954473	0.0020846254147079838	0.0003753429696385072	0.006119562338321935	0.005030331759763131	0.0033339287303185048	0.0055988659637743994	0.005609905462881414	7.359666071343278e-05	0.001987109839262685	0.0021876607397067894	0.0021471825763144017	0.0014056962196265662
	1	2	3	4	5	6	7	8	9	10	12	14	16	18	20	22	24	26	28	30	32	34	36	38	40	42	44	46	48	50	52	54	56	58	60	62	64	66	68	70	72	74	76
LG_EC_ATAC_REP3_T1_1	9.451297128816972	0.006889510774741956	0.0	0.0001543964068044761	0.0008234475029572059	0.00010979300039429412	6.8620625246433824e-06	0.000878344003154353	0.0003362410637075257	0.0	0.0	4.631892204134283e-05	0.0002590428603052877	1.7155156311608456e-06	7.033614087759466e-05	1.0293093786965073e-05	0.00014410331301751103	0.0004974995330366452	0.0012454643482227737	0.0019127999287443427	0.002086067007491588	0.0014118693644453758	0.0012025764574437527	0.002631600978200737	0.0021255238670082875	0.0007942837372274715	0.0019127999287443427	0.0017378173343659364	0.0004460340641018198	0.0008183009560637232	0.001109938613361067	1.0293093786965073e-05	0.00025389631341180517	0.0013912831768714455	0.0002916376572973437	3.2594796992056064e-05	0.00015954295369795864	0.0007908527059651498	5.146546893482536e-06	0.0007891371903339889	0.0015971450526107473	0.0018253086315551397	0.0004426030328394981
	1	2	3	4	5	6	7	8	9	10	12	14	16	18	20	22	24	26	28	30	32	34	36	38	40	42	44	46	48	50	52	54	56	58	60	62	64	66	68	70	72	74	76
LG_EC_ATAC_REP3_T1_2	8.420718268553404	0.021804203672054347	2.0586187573930146e-05	0.0007582579089730937	0.0	2.744825009857353e-05	0.00014067228175518933	0.0005764132520700441	0.1741214055315635	0.02156917803058531	0.03036977321844045	0.00951768072168037	0.00013724125049286763	0.00018527568816537133	0.0013140849734692077	0.003702082732045105	0.006836329790175969	0.00023502564146903583	0.0	0.000888637096941318	0.0049509781115302	3.6025828254377756e-05	0.0014461796770685927	0.013712116439868638	0.0026350320094630586	0.00024188770399367923	0.0003911375639046728	0.0028374628539400383	8.920681282036397e-05	0.005096796940178872	0.0008680509093673879	0.002178704851574274	0.0003928530795358336	0.006263347569368247	0.007517389495746825	0.0032320314491070326	0.005734968754970707	0.007714673793330322	4.803443767250367e-05	0.0022130151641974907	0.002168411757787309	0.0023073685239113372	0.0012797746608459908
	1	2	3	4	5	6	7	8	9	10	11	12	13	14	15	16	17	18	19	20	21	22	23	24	25	26	27	28	29	30	31	32	33	34	35	36	37	38	39	40	41	42	43	44	45	46	47	48	49	50
LG_EC_ATAC_REP4_T1_1	0.03029640741808886	0.0029366266773025746	0.0	0.0	0.004491966648164108	0.00014759716822857887	0.0	0.0	0.0	0.00024506699630405553	0.0	0.0	0.0	0.0	0.0	0.000519374941030754	0.00031051102372616125	2.924094842264299e-05	1.8101539499731373e-05	0.0	0.0	0.0	0.0	0.00014341988988248702	0.0	0.0004107657040323658	0.00022139575234286833	0.0	0.0	0.00025759883134233107	0.0	0.0	0.0	0.0	0.0	0.0	0.0	0.0	0.0	0.0	0.0	0.0	0.0	0.0	2.0886391730459275e-05	0.0	0.0	0.0	1.3924261153639518e-06	0.0
	1	2	3	4	5	6	7	8	9	10	11	12	13	14	15	16	17	18	19	20	21	22	23	24	25	26	27	28	29	30	31	32	33	34	35	36	37	38	39	40	41	42	43	44	45	46	47	48	49	50
LG_EC_ATAC_REP4_T1_2	0.10137697575518788	0.11492945913602522	0.1339068346623205	0.14221126401435114	0.14419268637651403	0.1167799934433439	0.1118201716204175	0.10418132195153086	0.09365318809326403	0.09559423009808138	0.09782489673489443	0.09688500910702377	0.10159419422918466	0.10069329453254418	0.09659956175337416	0.09746982807547662	0.10038974563939483	0.10153153505399327	0.1056475466510091	0.09545220263431425	0.093894077811222	0.09945682014210099	0.09629183558187872	0.09942200948921688	0.09633360836533963	0.09487991550089966	0.09831503072750254	0.10014467864309079	0.10660971309672561	0.10369397281115347	0.102670539616361	0.10141596368641807	0.09092681775938141	0.09364065625822576	0.09933150179171824	0.09256013359270333	0.09265899584689417	0.09933289421783359	0.10586615755112125	0.10429271604075999	0.10326510556762139	0.10120431491688275	0.09185695840444454	0.09723590048809548	0.09499687929459025	0.10119735278630593	0.09725817930594131	0.10242964989840302	0.09893326792272414	0.1134200692269707
	1	2	3	4	5	6	7	8	9	10	11	12	13	14	15	16	17	18	19	20	21	22	23	24	25	26	27	28	29	30	31	32	33	34	35	36	37	38	39	40	41	42	43	44	45	46	47	48	49	50
LV_EC_ATAC_REP1_T1_1	0.030208387810164536	0.0030721445245905947	0.0	0.0	0.004659367528213587	0.00017515253848574027	0.0	0.0	0.0	0.00028055406607007955	0.0	0.0	0.0	0.0	0.0	0.0005208075480637941	0.00029450426825035976	1.5500224644755777e-05	2.1700314502658087e-05	0.0	0.0	0.0	0.0	0.0001519022015186066	0.0	0.00042160611033735713	0.0002232032348844832	0.0	0.0	0.0002511036392450436	0.0	0.0	0.0	0.0	0.0	0.0	0.0	0.0	0.0	0.0	0.0	0.0	0.0	0.0	2.3250336967133666e-05	0.0	0.0	0.0	1.240017971580462e-05	0.0
	1	2	3	4	5	6	7	8	9	10	11	12	13	14	15	16	17	18	19	20	21	22	23	24	25	26	27	28	29	30	31	32	33	34	35	36	37	38	39	40	41	42	43	44	45	46	47	48	49	50
LV_EC_ATAC_REP1_T1_2	0.10824116873925854	0.12240992408702979	0.14192315689231283	0.15100938857906868	0.15323212079312665	0.12498451140052372	0.11966018423505012	0.11184342094669977	0.10097311340333255	0.1031725952804234	0.1050512225073678	0.10404060786052972	0.1091386317461899	0.10784746303328174	0.10401580750109812	0.10493807086746108	0.10821481835736246	0.10891542851130542	0.11332369240027394	0.10333999770658676	0.10116376616646305	0.10653769405079988	0.10337099815587628	0.10666634591535135	0.10295249209046786	0.10192947726391399	0.10548522879742096	0.10726775463156789	0.11423510560938559	0.11174576953143782	0.11070415443531023	0.109386635340506	0.09863257948197442	0.10111881551499324	0.10659814492691441	0.09937814028738719	0.09973464545421656	0.1070569515763992	0.11401655244189454	0.11206042409172637	0.11118466139929765	0.10928588388031509	0.09960289354473614	0.10530387616907733	0.10254948624970421	0.10921458284694921	0.1045939658803475	0.11027324819018601	0.1063268909956312	0.12162406269754067
	1	2	3	4	5	6	7	8	9	10	12	14	16	18	20	22	24	26	28	30	32	34	36	38	40	42	44	46	48	50	52	54	56	58	60	62	64	66	68	70	72	74	76
LV_EC_ATAC_REP2_T1_1	0.3863164723150085	0.0	0.002228935752414918	0.003206752254155523	0.0	0.00376550454086444	0.0	0.0	0.0	4.858715536599277e-05	0.0	0.0017278807127031179	6.073394420749096e-06	1.518348605187274e-05	0.0032128256485762716	0.0	3.036697210374548e-06	0.0011053577845763355	0.001861495389959598	0.0005162385257636732	3.6440366524494576e-05	0.002754284369809715	0.0026206696925532348	0.003968963253959534	1.2146788841498193e-05	0.0013057798004610557	0.0009231559519538627	0.0038657155488068	0.006914559548022846	0.0006711100834927751	0.0040479173814292726	0.00013361467725648012	0.0022684128161497875	8.502752189048735e-05	0.004199752241948	0.003777651329705938	0.0010506972347895938	6.073394420749096e-06	0.003398064178409119	0.003953779767907662	0.000853311916115248	0.0015304953940287723	0.0004372843982939349
	1	2	3	4	5	6	7	8	9	10	12	14	16	18	20	22	24	26	28	30	32	34	36	38	40	42	44	46	48	50	52	54	56	58	60	62	64	66	68	70	72	74	76
LV_EC_ATAC_REP2_T1_2	0.9378474930576546	0.0035711559194004684	0.007427761376576145	5.4660549786741864e-05	0.0015912293382362634	0.001888825664852969	0.0006437798085994042	0.003364660509094999	0.00043121100387318587	0.005608779747561791	0.0012146788841498192	0.000665036689072026	0.0020406605253716964	0.003522568764034476	0.0033676972063053736	0.0023625504296713984	0.004725100859342797	0.00018523852983284744	0.00021864219914696746	0.0047129540705012985	0.000570899075550415	0.000570899075550415	0.0004555045815561822	0.0028180550112275804	0.00015487155772910194	0.002963816477325559	0.0005466054978674187	0.0006103761392852842	0.0004555045815561822	0.0003188532070893276	0.00035833027082419664	0.00019131192425359653	0.0003431467847723239	0.00477368801470879	0.0021833852942593	0.002544752262293871	0.00046157797597693134	0.0042969265526799855	0.0023261100631469037	0.0048678256282304	0.0003127798126685785	0.0017035871350201213	0.0
	1	2	3	4	5	6	7	8	9	10	12	14	16	18	20	22	24	26	28	30	32	34	36	38	40	42	44	46	48	50	52	54	56	58	60	62	64	66	68	70	72	74	76
LV_EC_ATAC_REP3_T1_1	0.3891679375193649	0.0	0.0021551065787481652	0.0030681735404607838	0.0	0.0033837187404644085	0.0	0.0	0.0	0.00011077650638425146	0.0	0.0016549338681041206	2.0141182978954816e-05	2.3498046808780618e-05	0.0034005030596135377	0.0	3.356863829825802e-06	0.0009802042383091343	0.0020241888893849586	0.0006008786255388186	3.356863829825802e-05	0.0028331930723729773	0.0027224165659887256	0.0040450209149400914	1.3427455319303208e-05	0.0013158906212917146	0.0010876238808635598	0.003914103225576886	0.006948708127739411	0.0007687218170301087	0.004149083693664691	0.00011749023404390307	0.002380016455346494	6.713727659651604e-05	0.004226291561750685	0.003736189442596118	0.0012185415702267663	0.0	0.0035179932936574405	0.004122228783026085	0.0009701336468196568	0.0015743691361883015	0.0004968158468142187
	1	2	3	4	5	6	7	8	9	10	12	14	16	18	20	22	24	26	28	30	32	34	36	38	40	42	44	46	48	50	52	54	56	58	60	62	64	66	68	70	72	74	76
LV_EC_ATAC_REP3_T1_2	0.9384918483597189	0.0035985580255732596	0.006982276766037668	8.727845957547086e-05	0.0014770200851233531	0.0020275457532147843	0.0005773805787300379	0.0032158755489731187	0.0003021177446843222	0.005582464549000309	0.0011648317489495535	0.0005975217617089928	0.002057757527683217	0.003306510872378415	0.0035179932936574405	0.0021316085319393846	0.00468618190643682	0.0001544157361719869	0.00024505105957728357	0.004706323089415775	0.0005538825319212574	0.000610949217028296	0.0003726118851106641	0.0028936166213098416	0.00012084709787372887	0.002836549936202803	0.0005270276212826509	0.0005874511702195154	0.00041960797872822526	0.00031218833617379965	0.000389396204259793	0.0001913412383000707	0.00032225892766327705	0.004736534863884207	0.002178604625556946	0.0025545733744974358	0.0004833883914949155	0.004216220970261207	0.002514291008539526	0.004709679953245601	0.00023498046808780615	0.0015777260000181272	0.0

