	1	2	3	4	5	6	7	8	9	10	11	12	13	14	15	16	17	18	19	20	21	22	23	24	25	26	27	28	29	30	31	32	33	34	35	36	37	38	39	40	41	42	43	44	45	46	47	48	49	50
BR_EC_ATAC_REP1_T1_1	32.30084614734152	32.52266551990961	32.59982730127487	32.480537635557674	32.60993980145779	36.23389731501684	36.586758926040574	36.731718441837884	36.85797997727896	36.849077388873326	36.87508235044067	36.85439370634405	36.87598624917875	36.860623551545096	36.836172184878116	36.80359635952475	36.7959087582071	36.799549363162704	36.784827874644	36.76858382111064	36.76579056191709	36.75994316647495	36.74166484750027	36.64566767470621	36.6818096239513	36.64002741663782	36.64151894602452	36.63313409103564	36.59867920888697	36.57694707967167	36.457998743883216	36.50309947418341	36.50806637780913	36.50179753802426	36.48249044077471	36.4718341918313	36.46758849521335	36.44868073330842	36.43668223191863	36.42404423671429	36.427867754926034	36.39995943894265	36.38451386063325	36.361503412718925	36.350167257678166	36.3400417682172	36.335566750746345	36.35390032077548	36.45673774311391	36.704340977539694
	1	2	3	4	5	6	7	8	9	10	11	12	13	14	15	16	17	18	19	20	21	22	23	24	25	26	27	28	29	30	31	32	33	34	35	36	37	38	39	40	41	42	43	44	45	46	47	48	49	50
BR_EC_ATAC_REP1_T1_2	32.017992032833654	32.153923867914585	32.211220248775376	32.14252532629384	32.11895745843553	36.146963643209155	36.10006634840897	36.094086997987276	36.17989988611285	36.134138953379015	36.125949234655835	36.10733718212941	36.11464596789545	36.10809293818731	36.08426221152886	36.03544267099617	36.041086670263184	36.04291616469259	36.02018147957657	36.01385520347217	36.03170475831881	36.02401776278288	36.016303125783594	35.997576127549806	35.98162874628689	35.96017681052842	35.963354889549315	35.95883205517896	35.951130953512475	35.943779031281565	35.92563330060994	35.89709316628185	35.88751133426524	35.865791831586456	35.85406140917073	35.85427085027403	35.837345068408546	35.82503597323241	35.82457607459873	35.8062131053646	35.81021369807058	35.77544107843817	35.76611107148406	35.749504969217845	35.73991466506204	35.73195435918097	35.75011285820287	35.7762834244902	36.00455263599575	36.48236718299955
	1	2	3	4	5	6	7	8	9	10	11	12	13	14	15	16	17	18	19	20	21	22	23	24	25	26	27	28	29	30	31	32	33	34	35	36	37	38	39	40	41	42	43	44	45	46	47	48	49	50
BR_EC_ATAC_REP2_T1_1	32.27520755847426	32.54814114529461	32.62322282923069	32.51290248876166	32.6430644152529	36.27292453840382	36.60100384375825	36.72816015000062	36.849453855311275	36.84267230204675	36.85846072793981	36.847074970526336	36.86371726684167	36.851341063995264	36.82570837014147	36.79622086896779	36.78925933254363	36.79269166823473	36.776978251744374	36.75770015320924	36.757168925717586	36.74884714060962	36.729248225370284	36.63706460732354	36.672086868297704	36.63129477491363	36.63548617398877	36.626876314681574	36.59299955385716	36.56889933160075	36.44872313344572	36.49673874171574	36.50237673749304	36.4984700903281	36.48047407541814	36.47395145172655	36.46768738902042	36.44934045373083	36.43402159801442	36.41736907729625	36.424195817396544	36.391235767450226	36.379053132315065	36.35647015415801	36.344241859754945	36.33040706306559	36.324934423245125	36.346156612364965	36.45002486457637	36.712923644471104
	1	2	3	4	5	6	7	8	9	10	11	12	13	14	15	16	17	18	19	20	21	22	23	24	25	26	27	28	29	30	31	32	33	34	35	36	37	38	39	40	41	42	43	44	45	46	47	48	49	50
BR_EC_ATAC_REP2_T1_2	32.19322169022147	32.3448886260419	32.400602424475466	32.33986972553667	32.33965645875441	36.432463748170896	36.398629899984684	36.39345867688961	36.43404237099129	36.40729696440782	36.39534103550109	36.384543622196325	36.39328792402422	36.38509701546999	36.368823718733985	36.3248646924497	36.329072721456775	36.32856508558597	36.30611413023915	36.298269001542096	36.316348407315786	36.304721237860676	36.299148044147266	36.281981860933726	36.26519020304356	36.24706616211953	36.25135713820458	36.24450087429527	36.23281661917582	36.22471326628807	36.2031854405363	36.17330965487499	36.165376978365956	36.14103178367716	36.128442356300575	36.13326224175766	36.11581317536121	36.103767255854464	36.09868541055972	36.07762166207925	36.083754727447655	36.051490950698636	36.04766576368091	36.033219660263995	36.02624327038512	36.01697048850332	36.02810588123585	36.04631776129424	36.24000391560741	36.63819538916422
	1	2	3	4	5	6	7	8	9	10	12	14	16	18	20	22	24	26	28	30	32	34	36	38	40	42	44	46	48	50	52	54	56	58	60	62	64	66	68	70	72	74	76
BR_EC_ATAC_REP3_T1_1	25.940845174558916	31.579516067893596	34.66507035671945	35.96880434304852	36.26545048857022	39.711542161236224	39.96224137019568	39.98407559398125	39.992017073327744	39.96834640347444	39.98446015368743	39.97934266212228	39.975007610666566	39.98871965544044	40.013506563069726	40.00882243121083	39.999848763667615	39.907005262210234	39.87353443429268	39.87679021963203	39.85444027746931	39.80299196312765	39.79104550518534	39.777435649872736	39.78232564414164	39.70071896848805	39.70313788211683	39.67322904872039	39.60767640646782	39.63577478726384	39.58332483343666	39.54754608415247	39.49996218284644	39.44888929435755	39.4230639315196	39.38903409478935	39.406153899541664	39.394522444637204	39.388511267094145	39.36858127085246	39.30672387770434	39.35350407299755	39.3661616835449
	1	2	3	4	5	6	7	8	9	10	12	14	16	18	20	22	24	26	28	30	32	34	36	38	40	42	44	46	48	50	52	54	56	58	60	62	64	66	68	70	72	74	76
BR_EC_ATAC_REP3_T1_2	25.469506162771772	31.198830619167815	34.114467465218475	35.430138907950685	35.619420652715085	38.94728296999005	39.207550570262754	39.24080135085792	39.304814540854366	39.20603681460082	39.216482283310434	39.29764992038447	39.24760876082289	39.27470397535551	39.23738043088929	39.25936929544258	39.22307068500338	39.21947093435418	39.2504409213893	39.25100938422899	39.22902468343919	39.1413804806577	39.09312231056232	39.052977426403345	38.98083127807908	38.97969153337127	38.88471240500891	38.810713547068744	38.74315558800912	38.70409455849888	38.58255267471167	38.503886465110625	38.409835500297405	38.361283162034454	38.302745679121244	38.285904364532875	38.22247769721268	38.15692543244195	38.09646484443973	38.13356557142768	38.19854087689492	38.32733567014273	38.5485474617776
	1	2	3	4	5	6	7	8	9	10	12	14	16	18	20	22	24	26	28	30	32	34	36	38	40	42	44	46	48	50	52	54	56	58	60	62	64	66	68	70	72	74	76
BR_EC_ATAC_REP4_T1_1	25.9527169714726	31.593693620919147	34.68598842325572	35.99395433767402	36.27463928545678	39.74172238188082	39.98070132688048	40.003403534850285	40.0078744136278	39.984711515641266	39.99978513281747	39.99213813227507	39.98787334350692	40.00508142538912	40.02937856441224	40.02553297571072	40.015719772996405	39.918594010607805	39.88341762438271	39.88472399405798	39.86050770737583	39.808641752738005	39.79615729176115	39.7837060636941	39.79076859620956	39.70962659417506	39.71012214353585	39.68445415014666	39.619750104960104	39.6488695699705	39.59988429228717	39.56345424626275	39.51866984556324	39.47316724654707	39.44878547330492	39.41576504106479	39.437891926328135	39.42758246174684	39.42403356839927	39.41227876735649	39.351134386831305	39.39657259883319	39.42503534689915
	1	2	3	4	5	6	7	8	9	10	12	14	16	18	20	22	24	26	28	30	32	34	36	38	40	42	44	46	48	50	52	54	56	58	60	62	64	66	68	70	72	74	76
BR_EC_ATAC_REP4_T1_2	25.440624134369894	31.159133769375362	34.0302439568171	35.354059859130835	35.57766945324558	38.851581597015084	39.17406160861484	39.20910719983085	39.22410168608009	39.151869456062215	39.17129307992791	39.259866819538246	39.21415935557896	39.24942452488963	39.21062964844012	39.23642449619902	39.20361050962949	39.199401829098505	39.22876875570053	39.22483753830308	39.196719022744674	39.11246955701363	39.069072019540386	39.03286150419742	38.96678401177718	38.962466680273096	38.86645877935109	38.80081293713985	38.73615923779295	38.69948182327631	38.57830622073623	38.496318428144136	38.406586791895634	38.36434970012316	38.307174129672646	38.289307164335355	38.23093424822929	38.163961889312034	38.10730411745716	38.15113369442516	38.213126899700846	38.339590585917676	38.56365214584991
	1	2	3	4	5	6	7	8	9	10	12	14	16	18	20	22	24	26	28	30	32	34	36	38	40	42	44	46	48	50	52	54	56	58	60	62	64	66	68	70	72	74	76
LG_EC_ATAC_REP1_T1_1	25.95429161086836	31.605376945297884	34.72601251134108	36.016578451934265	36.32005217845206	39.77991946515824	40.032667818608154	40.04526497840454	40.05794910790225	40.03328942177529	40.05062122277997	40.04169245509206	40.0378753330037	40.051125551599995	40.07683205962097	40.070566361365216	40.064245874849874	39.975283783734014	39.942026284293405	39.94633449181672	39.92252849043628	39.86776478934419	39.852107360611576	39.837454937581526	39.84253784918425	39.75700311762242	39.7585808972122	39.73240538058856	39.6620949722122	39.68626980445633	39.63457624083486	39.59389289862226	39.54457785236184	39.49428649952619	39.46537675579063	39.42897731101427	39.447534632693916	39.43158315278304	39.4248419149462	39.40738707198492	39.340659824872404	39.38348012407464	39.38541812631675
	1	2	3	4	5	6	7	8	9	10	12	14	16	18	20	22	24	26	28	30	32	34	36	38	40	42	44	46	48	50	52	54	56	58	60	62	64	66	68	70	72	74	76
LG_EC_ATAC_REP1_T1_2	25.607646186368772	31.399887444699637	34.357263925335644	35.77998100085395	35.96053018504137	39.37055782529258	39.60740054889728	39.69190643620987	39.7400405164271	39.68389344712496	39.69348945040399	39.76485717191656	39.72218364076337	39.762214323269745	39.73164587525708	39.761829966857114	39.73309516533969	39.72940354448015	39.758125568731685	39.75762187415387	39.72705570180969	39.64516023895119	39.60576209533296	39.572631710031445	39.507286242117985	39.51177416878271	39.42176466072609	39.362531634470194	39.30082295169488	39.26106593932434	39.151856868727606	39.08299646158679	38.99323648170477	38.95002165053492	38.890216928652904	38.86936225817129	38.80285579016645	38.736100689342024	38.671459427330525	38.70577502982203	38.74655434717988	38.82776817060228	38.90942250155317
	1	2	3	4	5	6	7	8	9	10	12	14	16	18	20	22	24	26	28	30	32	34	36	38	40	42	44	46	48	50	52	54	56	58	60	62	64	66	68	70	72	74	76
LG_EC_ATAC_REP2_T1_1	25.77335899993001	31.436217919092044	34.43551795455908	35.70478100656096	36.150797247864375	39.41825139985524	39.820787115691346	39.81851435351804	39.877900928846515	39.847534753117245	39.89236620422693	39.8824341608089	39.874569305126656	39.87603008703155	39.91058141833393	39.89995400757625	39.8967317173244	39.79780098725618	39.75801540846187	39.766845401431354	39.74607218896242	39.6851684335668	39.66578818482838	39.6438709359255	39.64249598318875	39.54619854340643	39.53878691522693	39.49608876360958	39.41287477717726	39.42911775805514	39.36364588859687	39.30736917254863	39.24876598006228	39.19427183058861	39.16286708881729	39.11382408249614	39.12363104165215	39.10360528464712	39.095301061880434	39.06832527410691	38.98911423162796	39.04751664642576	39.02271195820203
	1	2	3	4	5	6	7	8	9	10	12	14	16	18	20	22	24	26	28	30	32	34	36	38	40	42	44	46	48	50	52	54	56	58	60	62	64	66	68	70	72	74	76
LG_EC_ATAC_REP2_T1_2	25.682740466351646	31.53345529248787	34.618857388557174	36.05927269543267	36.168524527034826	39.57624836729083	39.835641188479386	39.85082807849289	39.96381830837303	39.92309712784936	39.93001875529902	39.99519364085803	39.957371321993136	39.9938556905101	39.965215915964976	39.99538335413678	39.96616264854376	39.964549452806494	39.99811764827492	39.99859403688486	39.975627085642174	39.89799145200738	39.86201029197767	39.83331269304074	39.770089457556665	39.77782637965839	39.69138290744753	39.629973242079245	39.57411068625851	39.531273657161194	39.424565196680376	39.36168420425487	39.27439564259148	39.2348588895243	39.180432070102704	39.156233299755996	39.0875270095638	39.02414931204483	38.95911084526605	38.990489472375714	39.02949764689203	39.09706339121522	39.10087496549856
	1	2	3	4	5	6	7	8	9	10	12	14	16	18	20	22	24	26	28	30	32	34	36	38	40	42	44	46	48	50	52	54	56	58	60	62	64	66	68	70	72	74	76
LG_EC_ATAC_REP3_T1_1	25.92048063979457	31.582561478702868	34.694021002150734	35.97277499488182	36.2829908348798	39.70999488457127	39.97737348050578	39.99224265458556	40.00973482734671	39.98614070345813	40.00526421024274	39.99615362548788	39.99277277150021	40.004073373381715	40.02821999960836	40.0205838117771	40.01285913512819	39.91864880010482	39.884478782451474	39.88731143012364	39.86067693585837	39.80411626222137	39.787661241215616	39.771027693489685	39.77197454663886	39.685636419174834	39.6815213444754	39.64948503855988	39.57882396018434	39.599723925999356	39.544128097604904	39.50055520183412	39.44688547506574	39.39336310828091	39.35860278006861	39.32324329940571	39.33709031552261	39.320225525432065	39.31048260494511	39.293550239605715	39.22699703262965	39.27399782715644	39.29301795736052
	1	2	3	4	5	6	7	8	9	10	12	14	16	18	20	22	24	26	28	30	32	34	36	38	40	42	44	46	48	50	52	54	56	58	60	62	64	66	68	70	72	74	76
LG_EC_ATAC_REP3_T1_2	25.609674833191345	31.325934948476984	34.312997061999326	35.6050173921825	35.974660397721145	39.45857486467091	39.63971683253974	39.66806429452762	39.64093006144018	39.633367623078485	39.617131055550416	39.68574587092169	39.64588972618836	39.673063067952924	39.631285172628694	39.65637079714626	39.628606567348456	39.62110968113255	39.64874438890798	39.65122286704127	39.62863666075812	39.54629404141947	39.50648128701722	39.468548593347975	39.395225737999525	39.39507570420953	39.29831657167716	39.23092884264008	39.159796201542115	39.10714514187262	38.986790015174456	38.906102390304994	38.804253941644475	38.74944665318023	38.67279351633567	38.64342006788826	38.57225499989046	38.49639480220089	38.428341539393045	38.45897546494629	38.508466615002895	38.60914734651592	38.77307184467565
	1	2	3	4	5	6	7	8	9	10	11	12	13	14	15	16	17	18	19	20	21	22	23	24	25	26	27	28	29	30	31	32	33	34	35	36	37	38	39	40	41	42	43	44	45	46	47	48	49	50
LG_EC_ATAC_REP4_T1_1	32.202715036703026	32.506402134418394	32.59781312055557	32.49707246670645	32.61360424531457	36.22666610432448	36.58907141066584	36.71757610282723	36.83922172959519	36.83393238707242	36.854762162096144	36.832710997733386	36.85188612559566	36.83043260352665	36.813928405399075	36.807476031911186	36.77610176794849	36.745779897200386	36.73298454422627	36.69224233583081	36.75929782051821	36.73434834042749	36.72193834615383	36.619537425265094	36.65667954738952	36.61234112356308	36.61478526792321	36.60710275193221	36.57246723440008	36.5502888809425	36.4314011088554	36.47904111203795	36.48604503791854	36.481150437488566	36.463848010242	36.45628945909046	36.45078127991185	36.432488904944144	36.41789135477192	36.4061981199366	36.41289606429655	36.3766978950751	36.35931289213202	36.336293688554605	36.322673742619145	36.31190769655643	36.30701427974984	36.32754280384639	36.4329519994867	36.685597482468104
	1	2	3	4	5	6	7	8	9	10	11	12	13	14	15	16	17	18	19	20	21	22	23	24	25	26	27	28	29	30	31	32	33	34	35	36	37	38	39	40	41	42	43	44	45	46	47	48	49	50
LG_EC_ATAC_REP4_T1_2	32.209557025005246	32.38565517909467	32.42708632654076	32.410932166859	32.32588776348715	36.398138924065556	36.382313659098834	36.37525901768938	36.47889193267311	36.40307044423104	36.39239857584326	36.40798154735048	36.42311615437769	36.408359912526166	36.403869280372774	36.35738739454093	36.35224695251481	36.32997850941701	36.34946935384619	36.32625506069537	36.32207736360234	36.26470691593376	36.28791343888737	36.22563383931699	36.212065710606595	36.19104856643431	36.19262616130008	36.18646170090613	36.17726645816281	36.16638431970647	36.14468125131976	36.11736489569626	36.110416319797196	36.08674702811621	36.075697584995886	36.07896816539046	36.0604165087648	36.04887826809641	36.04478617872971	36.03072682192731	36.03478685981962	36.004056357146176	35.99608478707811	35.986417627246894	35.980673610185086	35.975414852090736	35.991316059386634	36.01142235090561	36.21160997680303	36.617994835414095
	1	2	3	4	5	6	7	8	9	10	11	12	13	14	15	16	17	18	19	20	21	22	23	24	25	26	27	28	29	30	31	32	33	34	35	36	37	38	39	40	41	42	43	44	45	46	47	48	49	50
LV_EC_ATAC_REP1_T1_1	32.22545589068647	32.51056961170104	32.59314933366341	32.48201967769715	32.617800217052505	36.24344955440676	36.58816331107096	36.72528946097177	36.850876085116845	36.84311705240613	36.8657539023646	36.84863506887536	36.86725518091063	36.855049998457616	36.83203153889326	36.80029637061385	36.79624721545503	36.79965822039167	36.78143045636583	36.76537797276812	36.76333439378141	36.754226179210264	36.739392342722276	36.64867228318822	36.68242267563157	36.64048147217283	36.645467711337794	36.63578887863953	36.60330056004707	36.580487709652395	36.46203579540246	36.51017458844775	36.518167844687646	36.513385890119594	36.49698850387543	36.48881211273199	36.48459070524622	36.466644350921555	36.451594653167966	36.43708921353711	36.44202949093901	36.40983397062874	36.39510115170464	36.37165105589742	36.35761600847808	36.347139758178244	36.341836070679406	36.361880821490715	36.46712727595084	36.72837971885081
	1	2	3	4	5	6	7	8	9	10	11	12	13	14	15	16	17	18	19	20	21	22	23	24	25	26	27	28	29	30	31	32	33	34	35	36	37	38	39	40	41	42	43	44	45	46	47	48	49	50
LV_EC_ATAC_REP1_T1_2	32.1188377628471	32.25859474391666	32.31028477205019	32.25662043170092	32.24285830505567	36.28752855642211	36.264005236486916	36.252836721796946	36.31706143509051	36.29592160561356	36.272972316286854	36.26571857907766	36.26885229698881	36.263137554831324	36.243371230884456	36.20221680432725	36.20944388978233	36.20986158415385	36.1861541573201	36.179085288488146	36.19557640848589	36.18632114112181	36.182553469344555	36.1650242634497	36.150983124359726	36.13080384193485	36.13574830962936	36.13051010269895	36.12191292230947	36.112771903302765	36.09174196100198	36.06345198123487	36.05894065076252	36.03497735098867	36.025319651346535	36.02930103199566	36.012591123756096	35.998898825294624	35.995468308571816	35.974524813940214	35.97861312862286	35.94732188110506	35.94309485616095	35.92998785978588	35.922815842507376	35.914401514676776	35.929723238624895	35.95104876535942	36.16082440156235	36.5952915767879
	1	2	3	4	5	6	7	8	9	10	12	14	16	18	20	22	24	26	28	30	32	34	36	38	40	42	44	46	48	50	52	54	56	58	60	62	64	66	68	70	72	74	76
LV_EC_ATAC_REP2_T1_1	31.504177158246573	31.58140893372153	34.71602226285239	35.90389170900945	36.14621556647955	39.71246161521539	39.91926430778806	39.95383426205853	39.99055021781777	39.97439650891686	39.968156878209825	39.99035015380958	39.85185908634486	39.90077694903678	39.95070444288549	39.90343876020353	39.88996552646548	39.771250131310595	39.69526918028571	39.660397546197686	39.65498573278569	39.64214263625212	39.595219733477784	39.580145678853796	39.48593141078769	39.45305349193054	39.411307389650446	39.36517935859623	39.09072849905645	39.17451478915204	39.05945312974283	39.05322991814616	38.86171097855541	38.760259846981846	38.75147384925904	38.61265586062428	38.51721133465345	38.44103456409097	38.31679503329289	38.139898250039266	38.11563448832002	38.25272105744799	35.96812979890311
	1	2	3	4	5	6	7	8	9	10	12	14	16	18	20	22	24	26	28	30	32	34	36	38	40	42	44	46	48	50	52	54	56	58	60	62	64	66	68	70	72	74	76
LV_EC_ATAC_REP2_T1_2	30.813835738414127	31.017666297290937	33.39124572758855	34.82782700431407	35.25762030285204	38.560412907527464	38.812626565070616	38.904148012208886	38.82558346009688	38.76565805108891	38.859234134079024	38.84527504437211	38.76679654129589	38.760377805667225	38.73819308236957	38.611424822206885	38.62353880494478	38.59876008644141	38.476941342512845	38.52622001796682	38.47699943419699	38.38447326087055	38.280591474971466	38.199789348498385	37.98342665278845	37.872841963906026	37.68801270732128	37.529375046005654	37.42149532620836	37.26205133389269	37.083898480524894	36.78753235540416	36.563533310392714	36.35442657201777	36.111102150567085	35.87932251246164	35.68775411603572	35.54103930602103	35.34453882357184	35.15360649009962	35.253491198981884	35.61059415695899	33.78603931664678
	1	2	3	4	5	6	7	8	9	10	12	14	16	18	20	22	24	26	28	30	32	34	36	38	40	42	44	46	48	50	52	54	56	58	60	62	64	66	68	70	72	74	76
LV_EC_ATAC_REP3_T1_1	31.508124600167314	31.580595578889852	34.655681145205655	35.87901389593575	36.12461401404017	39.69042841701043	39.88691012694529	39.92839960020974	39.967436302517015	39.94986467201417	39.93853421549645	39.96148686003438	39.820824762560896	39.86901438803751	39.92311859588994	39.879017017543774	39.866815825516255	39.743102143069564	39.669041061701236	39.63222329978778	39.624480022782606	39.614523734990456	39.567871122240206	39.55133736044905	39.46185311247936	39.42949684862512	39.386657092800704	39.347134035636074	39.065688584622315	39.150040185366635	39.03753959140491	39.0322347286144	38.84391734759326	38.74393632942933	38.73649133238257	38.59987416342616	38.50239267728392	38.42514010082991	38.29551911700624	38.10575877842709	38.075021419574	38.19950822180577	35.982205944787204
	1	2	3	4	5	6	7	8	9	10	12	14	16	18	20	22	24	26	28	30	32	34	36	38	40	42	44	46	48	50	52	54	56	58	60	62	64	66	68	70	72	74	76
LV_EC_ATAC_REP3_T1_2	30.822187952330612	30.97410051433119	33.17847139616059	34.85475429698172	35.085861169607114	38.40837835498864	38.71193502899158	38.797092866390976	38.83116422793475	38.70616623876438	38.80805183698196	38.80537123987585	38.73554634325964	38.73800522306634	38.717082146885865	38.59373402927978	38.600489738662716	38.57049322175216	38.45254682136185	38.507733209077436	38.45462256594499	38.35521573832406	38.235731850268884	38.15201815652324	37.94019531684508	37.8212602452476	37.63353139659941	37.47417233830562	37.36352124806438	37.196003377298	37.01786690552176	36.72269493633725	36.494515028634275	36.29115138339439	36.04091874258077	35.808664071766984	35.62361103598788	35.476010870088	35.2812724079145	35.09182403740762	35.18738265239165	35.54424085343557	33.756920531130135

