	1	2	3	4	5	6	7	8	9	10	11	12	13	14	15	16	17	18	19	20	21	22	23	24	25	26	27	28	29	30	31	32	33	34	35	36	37	38	39	40	41	42	43	44	45	46	47	48	49	50
BR_EC_ATAC_REP1_R1	0.026851	0.002648	0.0	0.0	0.0	0.0	0.0	0.0	0.0	0.0	0.0	0.0	0.0	0.0	0.0	0.0	0.0	3.1e-05	0.0	0.0	0.0	0.0	0.0	0.000154	0.0	0.0	0.0	0.0	0.0	3.5e-05	0.0	0.0	0.0	0.0	0.0	0.0	0.0	0.0	0.0	0.0	0.0	0.0	0.0	0.0	2.8e-05	0.0	0.0	0.0	0.0	0.0
	1	2	3	4	5	6	7	8	9	10	11	12	13	14	15	16	17	18	19	20	21	22	23	24	25	26	27	28	29	30	31	32	33	34	35	36	37	38	39	40	41	42	43	44	45	46	47	48	49	50
BR_EC_ATAC_REP1_R2	0.0	0.003735	0.01332	0.017159	0.018378	0.001181	0.000452	0.0	6e-06	0.0	0.0	0.0	6e-06	6.9e-05	0.0	0.0	2.2e-05	0.000402	6.9e-05	0.000324	0.0	0.000302	0.0	0.00077	0.0006	0.0	1.6e-05	0.001826	0.001371	0.000839	0.0	3e-06	0.000733	0.0	0.0	0.0	0.0	0.0	0.00141	0.002381	0.0	0.000259	0.00015	0.001365	7e-05	6.4e-05	0.0	0.0	0.0	0.0
	1	2	3	4	5	6	7	8	9	10	11	12	13	14	15	16	17	18	19	20	21	22	23	24	25	26	27	28	29	30	31	32	33	34	35	36	37	38	39	40	41	42	43	44	45	46	47	48	49	50
BR_EC_ATAC_REP2_R1	0.027807	0.002647	0.0	0.0	0.0	0.0	0.0	0.0	0.0	0.0	0.0	0.0	0.0	0.0	0.0	3e-06	0.0	1.3e-05	0.0	0.0	0.0	0.0	0.0	0.000105	0.0	0.0	0.0	0.0	0.0	1.1e-05	0.0	0.0	0.0	0.0	0.0	0.0	0.0	0.0	0.0	0.0	0.0	0.0	0.0	0.0	1.2e-05	0.0	0.0	0.0	0.0	0.0
	1	2	3	4	5	6	7	8	9	10	11	12	13	14	15	16	17	18	19	20	21	22	23	24	25	26	27	28	29	30	31	32	33	34	35	36	37	38	39	40	41	42	43	44	45	46	47	48	49	50
BR_EC_ATAC_REP2_R2	3e-06	0.00366	0.01298	0.016764	0.018089	0.001174	0.000435	0.0	1.3e-05	0.0	0.0	0.0	3e-06	4.6e-05	0.0	0.0	2.1e-05	0.000371	4.8e-05	0.000296	0.0	0.000277	0.0	0.000766	0.000605	0.0	2.2e-05	0.001824	0.00137	0.000902	0.0	3e-06	0.000542	0.0	0.0	0.0	0.0	0.0	0.001392	0.002445	0.0	0.000245	0.000101	0.001161	7.1e-05	6.9e-05	0.0	0.0	0.0	0.0
	1	2	3	4	5	6	7	8	9	10	11	12	13	14	15	16	17	18	19	20	21	22	23	24	25	26	27	28	29	30	31	32	33	34	35	36	37	38	39	40	41	42	43	44	45	46	47	48	49	50	51	52	53	54	55	56	57	58	59	60	61	62	63	64	65	66	67	68	69	70	71	72	73	74	75	76
BR_EC_ATAC_REP3_R1	8.758997	0.00294	0.0	0.000116	0.000327	6.5e-05	0.0	0.000573	0.000269	0.0	0.0	0.0	0.0	0.0	7e-06	0.0	0.000334	0.0	0.0	0.0	0.0	0.0	0.0	0.000174	0.0	0.0	1.5e-05	0.0	0.000983	0.0	0.000838	9.5e-05	0.001417	0.002122	0.0	0.00017	0.0	0.001693	3e-05	0.000573	0.0	0.001055	0.0	0.0	0.000748	0.000387	0.0	0.0	0.0	0.0	1.8e-05	9.8e-05	0.0	0.0	0.0	0.0	4.7e-05	0.0	0.000398	0.0	0.0	0.0	0.0	0.0	0.0	0.0	0.0	0.0	0.0	0.0	0.0	0.001126	0.000229	0.00019	1.3e-05	0.0
	1	2	3	4	5	6	7	8	9	10	11	12	13	14	15	16	17	18	19	20	21	22	23	24	25	26	27	28	29	30	31	32	33	34	35	36	37	38	39	40	41	42	43	44	45	46	47	48	49	50	51	52	53	54	55	56	57	58	59	60	61	62	63	64	65	66	67	68	69	70	71	72	73	74	75	76
BR_EC_ATAC_REP3_R2	7.732458	0.013204	7e-06	0.0	0.0	7e-06	0.0	0.0	0.142438	0.025602	0.005088	0.053083	0.0	0.003513	0.00331	0.0	0.0	0.0	0.0	0.000145	0.000138	7e-06	9.4e-05	0.001764	0.000247	0.0	0.0	0.0	0.0	0.0	0.000496	0.002145	0.0	0.0	0.0	0.0	0.000223	0.015828	4.5e-05	0.002001	7.7e-05	0.0	0.0	0.0	0.0	0.001459	0.0	0.0	0.0	0.000901	0.0	0.000222	9e-06	0.000174	0.0	0.0	0.0	0.000144	0.000496	0.004112	0.0	0.0	0.002425	0.0	0.000835	0.002875	0.0	0.0	0.0	0.0	0.0	0.0	0.001003	0.0	0.000276	0.0
	1	2	3	4	5	6	7	8	9	10	11	12	13	14	15	16	17	18	19	20	21	22	23	24	25	26	27	28	29	30	31	32	33	34	35	36	37	38	39	40	41	42	43	44	45	46	47	48	49	50	51	52	53	54	55	56	57	58	59	60	61	62	63	64	65	66	67	68	69	70	71	72	73	74	75	76
BR_EC_ATAC_REP4_R1	8.945082	0.003559	0.0	0.000122	0.000455	7.3e-05	0.0	0.000561	0.000203	0.0	0.0	0.0	0.0	0.0	0.0	0.0	0.000284	0.0	0.0	0.0	0.0	0.0	0.0	0.000106	0.0	0.0	2.4e-05	0.0	0.000872	0.0	0.000857	0.000172	0.001309	0.002295	0.0	9.9e-05	0.0	0.001873	1.7e-05	0.000607	0.0	0.001019	0.0	0.0	0.00093	0.000309	9e-06	0.0	0.0	0.0	3e-05	6e-05	0.0	0.0	0.0	0.0	5.4e-05	0.0	0.000321	0.0	0.0	0.0	0.0	0.0	0.0	0.0	0.0	0.0	0.0	0.0	0.0	0.00118	0.000157	0.000284	4.4e-05	0.0
	1	2	3	4	5	6	7	8	9	10	11	12	13	14	15	16	17	18	19	20	21	22	23	24	25	26	27	28	29	30	31	32	33	34	35	36	37	38	39	40	41	42	43	44	45	46	47	48	49	50	51	52	53	54	55	56	57	58	59	60	61	62	63	64	65	66	67	68	69	70	71	72	73	74	75	76
BR_EC_ATAC_REP4_R2	7.910883	0.014608	1.6e-05	1.6e-05	0.0	2.4e-05	0.0	8e-06	0.14627	0.026357	0.005362	0.053225	0.0	0.003851	0.003291	0.0	0.0	0.0	0.0	8.9e-05	0.000187	0.0	5.7e-05	0.001609	0.000244	0.0	0.0	0.0	0.0	0.0	0.00049	0.00233	0.0	0.0	0.0	0.0	0.000233	0.016363	3.4e-05	0.002165	7.8e-05	0.0	9e-06	0.0	0.0	0.001338	0.0	0.0	0.0	0.001157	0.0	0.000141	9.2e-05	0.000125	0.0	0.0	0.0	0.000132	0.000555	0.00427	0.0	0.0	0.002682	0.0	0.001025	0.003092	0.0	0.0	0.0	0.0	0.0	0.0	0.00067	0.0	0.000406	0.0
	1	2	3	4	5	6	7	8	9	10	11	12	13	14	15	16	17	18	19	20	21	22	23	24	25	26	27	28	29	30	31	32	33	34	35	36	37	38	39	40	41	42	43	44	45	46	47	48	49	50	51	52	53	54	55	56	57	58	59	60	61	62	63	64	65	66	67	68	69	70	71	72	73	74	75	76
LG_EC_ATAC_REP1_R1	8.667828	0.003191	0.0	7.7e-05	0.000296	4.2e-05	0.0	0.000585	0.000211	0.0	0.0	0.0	0.0	0.0	7e-06	0.0	0.000289	0.0	0.0	1.4e-05	0.0	0.0	0.0	0.000127	0.0	0.0	1.4e-05	0.0	0.001047	0.0	0.00088	0.000156	0.001373	0.001768	0.0	0.000137	7e-06	0.001744	1.5e-05	0.000657	0.0	0.001112	0.0	0.0	0.000833	0.000383	0.0	0.0	0.0	0.0	0.0	5e-05	0.0	0.0	0.0	0.0	5.5e-05	0.0	0.000345	0.0	0.0	0.0	0.0	0.0	0.0	0.0	0.0	0.0	0.0	0.0	0.0	0.001049	8.8e-05	0.000305	6.7e-05	0.0
	1	2	3	4	5	6	7	8	9	10	11	12	13	14	15	16	17	18	19	20	21	22	23	24	25	26	27	28	29	30	31	32	33	34	35	36	37	38	39	40	41	42	43	44	45	46	47	48	49	50	51	52	53	54	55	56	57	58	59	60	61	62	63	64	65	66	67	68	69	70	71	72	73	74	75	76
LG_EC_ATAC_REP1_R2	7.663231	0.013654	1.4e-05	2.1e-05	0.0	2.1e-05	0.0	2.1e-05	0.143272	0.025934	0.005108	0.052579	0.0	0.003452	0.00348	0.0	0.0	0.0	0.0	0.000155	0.000204	7e-06	0.000106	0.002008	0.00038	0.0	0.0	0.0	0.0	0.0	0.000454	0.002494	0.0	0.0	0.0	0.0	0.000299	0.01557	6e-05	0.002307	0.000101	8e-06	0.0	0.0	0.0	0.001334	0.0	0.0	0.0	0.001189	0.0	0.000208	3e-05	0.000166	0.0	0.0	0.0	0.000158	0.000552	0.004788	0.0	0.0	0.002545	0.0	0.000834	0.003371	0.0	0.0	0.0	0.0	0.0	0.0	0.001016	0.0	0.000406	0.0
	1	2	3	4	5	6	7	8	9	10	11	12	13	14	15	16	17	18	19	20	21	22	23	24	25	26	27	28	29	30	31	32	33	34	35	36	37	38	39	40	41	42	43	44	45	46	47	48	49	50	51	52	53	54	55	56	57	58	59	60	61	62	63	64	65	66	67	68	69	70	71	72	73	74	75	76
LG_EC_ATAC_REP2_R1	8.539707	0.001451	0.0	0.000115	0.000458	3.8e-05	0.0	0.000239	0.000191	0.0	0.0	0.0	0.0	0.0	0.0	0.0	0.000258	0.0	0.0	0.0	0.0	0.0	0.0	0.000134	0.0	0.0	1.9e-05	0.0	0.000988	0.0	0.000875	0.000241	0.001388	0.00227	0.0	7.8e-05	0.0	0.001642	4.1e-05	0.000455	0.0	0.000956	0.0	0.0	0.000669	0.000449	2.4e-05	0.0	0.0	0.0	1.3e-05	0.000107	0.0	0.0	0.0	0.0	4.5e-05	0.0	0.000281	0.0	1.6e-05	0.0	0.0	0.0	0.0	1.8e-05	0.0	0.0	0.0	0.0	0.0	0.000938	0.0	0.000374	4.6e-05	0.0
	1	2	3	4	5	6	7	8	9	10	11	12	13	14	15	16	17	18	19	20	21	22	23	24	25	26	27	28	29	30	31	32	33	34	35	36	37	38	39	40	41	42	43	44	45	46	47	48	49	50	51	52	53	54	55	56	57	58	59	60	61	62	63	64	65	66	67	68	69	70	71	72	73	74	75	76
LG_EC_ATAC_REP2_R2	7.481182	0.008593	1e-05	2.9e-05	0.0	0.0	0.0	1.9e-05	0.134226	0.027286	0.005232	0.052024	0.0	0.003781	0.003265	0.0	0.0	0.0	0.0	0.000181	0.000181	0.0	9.5e-05	0.000964	0.000325	0.0	0.0	0.0	0.0	0.0	0.000423	0.002377	0.0	0.0	0.0	0.0	0.000375	0.016469	5.1e-05	0.00243	0.000148	0.0	0.0	0.0	0.0	0.001454	0.0	0.0	0.0	0.000991	0.0	0.000175	1.4e-05	0.000127	0.0	0.0	0.0	0.000153	0.000546	0.00254	0.0	0.0	0.002832	0.0	0.000923	0.001935	0.0	0.0	0.0	0.0	0.0	0.0	0.00088	0.0	0.000436	0.0
	1	2	3	4	5	6	7	8	9	10	11	12	13	14	15	16	17	18	19	20	21	22	23	24	25	26	27	28	29	30	31	32	33	34	35	36	37	38	39	40	41	42	43	44	45	46	47	48	49	50	51	52	53	54	55	56	57	58	59	60	61	62	63	64	65	66	67	68	69	70	71	72	73	74	75	76
LG_EC_ATAC_REP3_R1	8.949769	0.003154	0.0	0.000116	0.000498	8.9e-05	0.0	0.000478	0.000253	0.0	0.0	0.0	0.0	0.0	1.4e-05	0.0	0.000314	0.0	0.0	2e-05	0.0	0.0	0.0	0.00013	0.0	0.0	1.4e-05	0.0	0.000933	0.0	0.001038	0.000179	0.001408	0.002194	0.0	0.000147	0.0	0.001969	1.5e-05	0.000639	0.0	0.001042	0.0	0.0	0.000773	0.000413	3.5e-05	0.0	0.0	0.0	1e-05	0.000138	0.0	0.0	0.0	0.0	0.00011	0.0	0.00047	0.0	0.0	0.0	0.0	0.0	0.0	0.0	0.0	0.0	0.0	0.0	0.0	0.001073	0.000204	0.000303	6.7e-05	0.0
	1	2	3	4	5	6	7	8	9	10	11	12	13	14	15	16	17	18	19	20	21	22	23	24	25	26	27	28	29	30	31	32	33	34	35	36	37	38	39	40	41	42	43	44	45	46	47	48	49	50	51	52	53	54	55	56	57	58	59	60	61	62	63	64	65	66	67	68	69	70	71	72	73	74	75	76
LG_EC_ATAC_REP3_R2	7.934764	0.01409	0.0	4.1e-05	0.0	0.0	0.0	2e-05	0.147063	0.027163	0.005284	0.054216	0.0	0.003987	0.003379	0.0	0.0	0.0	0.0	0.000198	0.000164	1.4e-05	7.5e-05	0.00198	0.000355	0.0	0.0	0.0	0.0	0.0	0.000461	0.002417	0.0	0.0	0.0	0.0	0.00042	0.01625	3.7e-05	0.002098	0.000123	0.0	0.0	0.0	8e-06	0.001369	0.0	0.0	0.0	0.001142	0.0	0.000276	4e-05	0.000186	0.0	0.0	0.0	0.000203	0.000459	0.004054	0.0	0.0	0.002802	0.0	0.000909	0.002855	0.0	0.0	0.0	0.0	0.0	0.0	0.00101	0.0	0.000335	0.0
	1	2	3	4	5	6	7	8	9	10	11	12	13	14	15	16	17	18	19	20	21	22	23	24	25	26	27	28	29	30	31	32	33	34	35	36	37	38	39	40	41	42	43	44	45	46	47	48	49	50
LG_EC_ATAC_REP4_R1	0.023956	0.002309	0.0	0.0	0.0	0.0	0.0	0.0	0.0	0.0	0.0	0.0	0.0	0.0	0.0	4e-06	0.0	2e-05	0.0	0.0	0.0	0.0	0.0	9.1e-05	0.0	0.0	0.0	0.0	0.0	2.4e-05	0.0	0.0	0.0	0.0	0.0	0.0	0.0	0.0	0.0	0.0	0.0	0.0	0.0	0.0	1.3e-05	0.0	0.0	0.0	0.0	0.0
	1	2	3	4	5	6	7	8	9	10	11	12	13	14	15	16	17	18	19	20	21	22	23	24	25	26	27	28	29	30	31	32	33	34	35	36	37	38	39	40	41	42	43	44	45	46	47	48	49	50
LG_EC_ATAC_REP4_R2	8e-06	0.002865	0.009869	0.012559	0.013234	0.001123	0.000337	0.0	1.2e-05	0.0	0.0	0.0	0.0	5.6e-05	0.0	0.0	1.6e-05	0.000306	6.3e-05	0.000234	0.0	0.000282	0.0	0.000671	0.00046	0.0	2.8e-05	0.001466	0.001188	0.000581	0.0	4e-06	0.000454	0.0	0.0	0.0	0.0	4e-06	0.001099	0.001864	0.0	0.000187	9.2e-05	0.001066	3.4e-05	3e-05	0.0	0.0	0.0	0.0
	1	2	3	4	5	6	7	8	9	10	11	12	13	14	15	16	17	18	19	20	21	22	23	24	25	26	27	28	29	30	31	32	33	34	35	36	37	38	39	40	41	42	43	44	45	46	47	48	49	50
LV_EC_ATAC_REP1_R1	0.02716	0.002697	0.0	0.0	0.0	0.0	0.0	0.0	0.0	0.0	0.0	0.0	0.0	0.0	0.0	9e-06	0.0	1.2e-05	0.0	0.0	0.0	0.0	0.0	0.000122	0.0	0.0	0.0	0.0	0.0	2.9e-05	0.0	0.0	0.0	0.0	0.0	0.0	0.0	0.0	0.0	0.0	0.0	0.0	0.0	0.0	1.6e-05	0.0	0.0	0.0	0.0	0.0
	1	2	3	4	5	6	7	8	9	10	11	12	13	14	15	16	17	18	19	20	21	22	23	24	25	26	27	28	29	30	31	32	33	34	35	36	37	38	39	40	41	42	43	44	45	46	47	48	49	50
LV_EC_ATAC_REP1_R2	3e-06	0.003506	0.012457	0.016056	0.017153	0.001152	0.000474	0.0	3e-06	0.0	0.0	0.0	3e-06	3.8e-05	0.0	0.0	3.2e-05	0.000375	4.1e-05	0.000367	0.0	0.000274	9e-06	0.000701	0.000556	0.0	1.7e-05	0.001885	0.001341	0.000767	0.0	0.0	0.000695	0.0	0.0	0.0	0.0	3e-06	0.001511	0.00248	0.0	0.0003	0.000128	0.001496	6.4e-05	7.8e-05	0.0	0.0	0.0	0.0
	1	2	3	4	5	6	7	8	9	10	11	12	13	14	15	16	17	18	19	20	21	22	23	24	25	26	27	28	29	30	31	32	33	34	35	36	37	38	39	40	41	42	43	44	45	46	47	48	49	50	51	52	53	54	55	56	57	58	59	60	61	62	63	64	65	66	67	68	69	70	71	72	73	74	75	76
LV_EC_ATAC_REP2_R1	0.361807	0.0	0.001349	0.002818	0.0	0.002699	0.0	0.0	0.0	0.0	5.3e-05	0.0	0.0	0.00213	0.0	0.0	0.0	0.0	0.0	0.000278	0.003135	0.0	0.0	0.0	0.0	0.000714	0.0	2.7e-05	0.001287	0.000173	0.0	0.0	0.0	0.0	0.001643	2.7e-05	0.000365	0.0	0.001762	0.0	0.0	2.9e-05	0.0	0.0	0.0	0.001324	0.0	0.000617	0.002452	0.0	0.0	0.0	0.001481	0.0	0.0	0.000737	0.0	0.0	0.0	0.000234	0.000673	0.0	0.001305	0.0	0.0	0.0	0.0	0.000199	0.0	0.000711	2.1e-05	0.0	0.0	0.0	0.0	0.0
	1	2	3	4	5	6	7	8	9	10	11	12	13	14	15	16	17	18	19	20	21	22	23	24	25	26	27	28	29	30	31	32	33	34	35	36	37	38	39	40	41	42	43	44	45	46	47	48	49	50	51	52	53	54	55	56	57	58	59	60	61	62	63	64	65	66	67	68	69	70	71	72	73	74	75	76
LV_EC_ATAC_REP2_R2	0.862035	0.001534	0.0025	0.0	0.000357	0.000648	6.6e-05	0.002209	0.0	0.001812	0.004749	0.0	0.000265	0.0	4e-05	1.3e-05	0.001005	0.00086	2.6e-05	0.0	0.001746	0.0	0.0	0.000807	2.6e-05	0.0	0.0	0.0	2.7e-05	0.002285	0.000279	0.0	2.7e-05	2.7e-05	0.0	0.0	1.4e-05	0.001626	0.0	0.0	0.0	0.0001	0.000319	0.000294	0.0	0.0	0.0	0.0	0.0	0.0	0.0	1.6e-05	0.0	0.0	0.0	0.0	0.0	5.3e-05	0.001244	0.0	0.001349	0.000918	0.0	0.0	0.0	0.00117	0.0	0.0	0.002501	0.002117	0.000511	0.0	0.0	0.0	0.000263	0.0
	1	2	3	4	5	6	7	8	9	10	11	12	13	14	15	16	17	18	19	20	21	22	23	24	25	26	27	28	29	30	31	32	33	34	35	36	37	38	39	40	41	42	43	44	45	46	47	48	49	50	51	52	53	54	55	56	57	58	59	60	61	62	63	64	65	66	67	68	69	70	71	72	73	74	75	76
LV_EC_ATAC_REP3_R1	0.36586	0.0	0.00113	0.002631	0.0	0.002341	0.0	0.0	0.0	0.0	1.6e-05	0.0	0.0	0.001856	0.0	0.0	0.0	0.0	0.0	0.000178	0.003035	0.0	0.0	0.0	0.0	0.000565	0.0	0.0	0.001377	0.000341	0.0	0.0	0.0	0.0	0.001781	0.0	0.000199	0.0	0.001714	0.0	0.0	0.0	0.0	5.5e-05	0.0	0.00127	1.9e-05	0.000703	0.002456	0.0	0.0	0.0	0.001286	0.0	0.0	0.000906	0.0	0.0	0.0	0.000467	0.000828	0.0	0.00107	0.0	0.0	0.0	0.0	7.8e-05	0.0	0.000615	0.0	0.0	0.0	0.0	0.0	0.0
	1	2	3	4	5	6	7	8	9	10	11	12	13	14	15	16	17	18	19	20	21	22	23	24	25	26	27	28	29	30	31	32	33	34	35	36	37	38	39	40	41	42	43	44	45	46	47	48	49	50	51	52	53	54	55	56	57	58	59	60	61	62	63	64	65	66	67	68	69	70	71	72	73	74	75	76
LV_EC_ATAC_REP3_R2	0.870031	0.001469	0.002696	0.0	0.000484	0.000646	3.2e-05	0.002115	0.0	0.001808	0.003842	0.0	0.00021	1.6e-05	1.6e-05	0.0	0.000969	0.001065	0.0	0.0	0.001695	0.0	0.0	0.00071	0.0	0.0	0.0	0.0	0.0	0.00224	0.000211	0.0	4.9e-05	0.0	0.0	0.0	1.7e-05	0.0019	0.0	0.0	0.0	8.9e-05	0.000435	0.00046	0.0	0.0	0.0	0.0	0.0	0.0	0.0	2.1e-05	0.0	0.0	0.0	0.0	0.0	0.0	0.000865	0.0	0.001202	0.000732	0.0	0.0	0.0	0.001351	0.0	0.0	0.002749	0.001852	0.000731	0.0	0.0	0.0	0.000105	0.0

