	1	2	3	4	5	6	7	8	9	10	11	12	13	14	15	16	17	18	19	20	21	22	23	24	25	26	27	28	29	30	31	32	33	34	35	36	37	38	39
BR_EC_ATAC_REP1_T1_1 - nextera_transposase_sequence	0.0007180622156645764	0.0007377351530800443	0.0007433559923416065	0.0007560028806801216	0.000767244559203246	0.0007700549788340271	0.000779891447541761	0.0007925383358802761	0.0008178321125573062	0.0008923082327730059	0.0009105759603730832	0.000917602009450036	0.0009485166253886283	0.0009709999824348773	0.0010089406474504225	0.0011213574326816673	0.0012703096731130667	0.0023748045880100472	0.002977639598812598	0.006624159069751103	0.00867295498059054	0.016234388997207146	0.018436352777924155	0.02403751910207093	0.02723015580263828	0.040509388558079076	0.1367044316804553	0.23386063831655865	0.313264829354833	0.39320581054258663	0.45343591364985686	0.5206232105531257	0.6055316084382849	0.7406453426077181	0.9557857757636438	1.381752647942246	2.061565052431891	2.833483339481126	3.638200628831392
	1	2	3	4	5	6	7	8	9	10	11	12	13	14	15	16	17	18	19	20	21	22	23	24	25	26	27	28	29	30	31	32	33	34	35	36	37	38	39
BR_EC_ATAC_REP1_T1_2 - nextera_transposase_sequence	0.0007391403628954348	0.0007531924610493404	0.0007588133003109027	0.0007784862377263705	0.0007827018671725422	0.0007869174966187139	0.00080237480458801	0.000812211273295744	0.0008445310990497269	0.0009232228487115982	0.0009428957861270661	0.0009485166253886283	0.0009822416609580019	0.0010201823259735469	0.0010623386204352638	0.0011775658252972897	0.0013251128559132986	0.002414150462840983	0.0029973125362280657	0.006510337074704467	0.008500114173297501	0.015836714619451617	0.01797825437810683	0.023254817234898386	0.02634346840912684	0.03948780102229014	0.13565895557780472	0.23265918392439972	0.31204089160562787	0.39184135181184243	0.4519997892185277	0.5186095448876711	0.6029966099313203	0.7370887565649646	0.9512862939347632	1.3756666842317893	2.0536649628497656	2.8234107955244068	3.6265149040066045
	1	2	3	4	5	6	7	8	9	10	11	12	13	14	15	16	17	18	19	20	21	22	23	24	25	26	27	28	29	30	31	32	33	34	35	36	37	38	39
BR_EC_ATAC_REP2_T1_1 - nextera_transposase_sequence	0.0002721498120608995	0.00027366175546123786	0.0002857573026639445	0.0003175081140710494	0.0003416992084764627	0.0003447230952771394	0.00035681864247984603	0.000370426133082891	0.0004369516426977775	0.0005065010391133407	0.0005639548883261973	0.0005730265487282273	0.0005987295865339789	0.0006168729073380389	0.0006849103603532638	0.0008587838513921718	0.0011309336634530713	0.002872692460642828	0.003790442104648195	0.009275772761075659	0.011623820861801085	0.021006941604300767	0.023826716045931753	0.031637415652079566	0.03441485567850108	0.04495158923545891	0.09371932361337176	0.170745280143608	0.23769111002378862	0.3053233622077228	0.3511927010871871	0.40851954705441523	0.4901266920876766	0.6328344938154107	0.8473112248704046	1.260215407785801	1.9099640124207964	2.664966556870345	3.4565399882872767
	1	2	3	4	5	6	7	8	9	10	11	12	13	14	15	16	17	18	19	20	21	22	23	24	25	26	27	28	29	30	31	32	33	34	35	36	37	38	39
BR_EC_ATAC_REP2_T1_2 - nextera_transposase_sequence	0.00027970952906259116	0.00028878118946462113	0.0002902931328649595	0.00030238868006766614	0.00032809171787341775	0.00033262754807443273	0.0003371633782754477	0.0003462350386774777	0.00040671277469101093	0.0004928935485102958	0.0005367399071201074	0.000557907114724844	0.000585122095930934	0.0006062893035356705	0.0006713028697502188	0.0008451763607891268	0.001097670908645628	0.0028379177624350467	0.0037163568780316167	0.009030837930220848	0.011300264974128683	0.0203613417723563	0.023064696572161234	0.030370407082596047	0.033005724429385756	0.04340335919351246	0.09215446219402158	0.16918797844125955	0.2361837024536513	0.303661736410751	0.3494902528184061	0.4062032497650969	0.48731145347624666	0.629220949088602	0.843094414726861	1.2554240591501287	1.904800725708641	2.6592756019114714	3.450687255384567
	1	2	3	4	5	6	7	8	9	10	11	12	13	14	15	16	17	18	19	20	21	22	23	24	25	26	27	28	29	30	31	32	33	34	35	36	37	38	39	40	41	42	43	44	45	46	47	48	49	50	51	52	53	54	55	56	57	58	59	60	61	62	63	64	65
BR_EC_ATAC_REP3_T1_1 - nextera_transposase_sequence	0.01120440329812686	0.011278390278221796	0.011294574930117563	0.0113963070277481	0.011456421449075235	0.011463357728459135	0.011500351218506604	0.01150959959101847	0.011664509830592243	0.012096871245522025	0.012237908926327996	0.012337328930830567	0.012404379631541602	0.012783562904528149	0.012970842447893455	0.01350031177419784	0.014073710869933594	0.016762675177758923	0.01790716127610246	0.024517435528959394	0.027724308697449275	0.040685902772830865	0.04500951692212868	0.053543452657453944	0.058445090088743455	0.07613491461081703	0.21306400592839175	0.37288513130596523	0.5015184324803953	0.6312939076600408	0.7313959796353612	0.8499762998893918	1.040280061066079	1.333908952038472	1.7831717677336907	2.5514525690395056	3.6993721256780763	4.9271999329123055	6.089567759507541	7.34733717274894	8.655914832477409	10.032828716696061	11.442451782396061	12.913971893224858	14.460702081413285	15.993911148989362	17.410634652685346	18.679610781318	19.811606952584263	20.942444765193418	22.11993830503181	23.373892764612066	24.61016433594963	25.822982034597096	27.075417448992276	28.336620320528706	29.45483641675229	30.468964392447937	31.39341783617539	32.281770257802776	33.17561390060908	34.0688633354815	34.97766159663949	35.913097482724794	36.86586481889733
	1	2	3	4	5	6	7	8	9	10	11	12	13	14	15	16	17	18	19	20	21	22	23	24	25	26	27	28	29	30	31	32	33	34	35	36	37	38	39	40	41	42	43	44	45	46	47	48	49	50	51	52	53	54	55	56	57	58	59	60	61	62	63	64	65
BR_EC_ATAC_REP3_T1_2 - nextera_transposase_sequence	0.010681870251206375	0.010772041883197078	0.010790538628220813	0.01094082468153865	0.011005563289121719	0.011028684220401387	0.011084174455472589	0.01110498329362429	0.011299199116373497	0.011763929835094814	0.011935024726564353	0.012059877755474556	0.012140801014953392	0.012591659174906908	0.012802059649551882	0.013340777348368135	0.013953482027279323	0.016681751918280086	0.017867855692927027	0.024411079245072922	0.027564774271619567	0.04041538787685875	0.044794492261227774	0.0532960586927615	0.05823931380035441	0.07601699786129074	0.21313105662910278	0.3728504499090457	0.5012941594469824	0.6308037439169119	0.7306214284374923	0.8488873040261194	1.0389806647281616	1.3320014752078995	1.7815070606815546	2.5504075029456645	3.700202167111016	4.929881960940747	6.09476534485921	7.355804057783554	8.669810512176488	10.052210993387806	11.466943784900613	12.941460368423254	14.489656423654813	16.026442299299855	17.447334506905563	18.72011865291998	19.856043070410657	20.99109814088522	22.174233187955853	23.435417562747258	24.67832252926896	25.895884643015016	27.153304930194093	28.417543580007543	29.538550372636582	30.552969672066354	31.47760345905779	32.36428886153991	33.256289766123224	34.14696815343734	35.053845065206	35.984892598534415	36.93563685321998
	1	2	3	4	5	6	7	8	9	10	11	12	13	14	15	16	17	18	19	20	21	22	23	24	25	26	27	28	29	30	31	32	33	34	35	36	37	38	39	40	41	42	43	44	45	46	47	48	49	50	51	52	53	54	55	56	57	58	59	60	61	62	63	64	65
BR_EC_ATAC_REP4_T1_1 - nextera_transposase_sequence	0.037017353415280486	0.0372272303523335	0.03724204519494901	0.03743216900851468	0.037442045570258355	0.03745932955330978	0.03747908267679712	0.03750624322159222	0.03768895961385014	0.037990194747032115	0.0381259974710076	0.03818772598190555	0.038259331054547166	0.03862970211993484	0.0387901962482695	0.03915069075191351	0.039523530957737106	0.041298842931162046	0.042244523718118585	0.04700749561900412	0.049405030982280364	0.05914085172110446	0.06249888271395275	0.06971864934857655	0.07456804116471923	0.09243474135902083	0.22711894471703206	0.36329944717920953	0.4717910087930042	0.5859764082520253	0.6800457205796238	0.7815199850745399	0.9086486186986426	1.0978588503030278	1.3772272757845174	1.8840109428353495	2.6785976190967666	3.561515325312709	4.464529365536587	5.510993057665985	6.720703969716092	8.13984737354075	9.576887107244943	10.943657573283348	12.328376221150439	13.695492366849873	14.95997375204951	16.09054130570714	17.126039545160626	18.183972394614862	19.35968324286238	20.72414259345277	22.106434076271352	23.35383394793531	24.576927601148093	25.766665636212057	26.858277561212212	27.83300531625689	28.725592176419887	29.583853046242755	30.476333733367007	31.41815772296264	32.390357078200935	33.36765273929897	34.353029897043754
	1	2	3	4	5	6	7	8	9	10	11	12	13	14	15	16	17	18	19	20	21	22	23	24	25	26	27	28	29	30	31	32	33	34	35	36	37	38	39	40	41	42	43	44	45	46	47	48	49	50	51	52	53	54	55	56	57	58	59	60	61	62	63	64	65
BR_EC_ATAC_REP4_T1_2 - nextera_transposase_sequence	0.035644511332910155	0.035874141393450514	0.0358864870956301	0.03609389489224721	0.036118586296606386	0.03615068512227332	0.03619759879055576	0.03622475933535085	0.036405006587172856	0.03674080968645768	0.03689389639348459	0.03697043974699804	0.03705932880269109	0.03758278657510567	0.03776797210779951	0.0381259974710076	0.03851612165988262	0.04030624847592307	0.04122476871808451	0.04587909843978966	0.048288979505245494	0.05791615806488921	0.06124702851294239	0.06827667133400053	0.07312853229057911	0.09098535592313704	0.2259880783973817	0.3621438894552	0.4707860686355856	0.5848702333367342	0.6790901632309236	0.7804804769510185	0.9075078758172485	1.0964810699397856	1.3765902375520507	1.8839985971331699	2.680545770900706	3.565816567952078	4.471499748987183	5.522141226734154	6.738565731629521	8.165131371604549	9.609050130563208	10.980188506032752	12.368480000110617	13.740815908691582	15.010820761046366	16.146277212767114	17.186866819799466	18.250325605549286	19.43332782550407	20.807626700731586	22.19865894069332	23.453495863350263	24.682866071551146	25.876581891857377	26.972445676688185	27.94850429842782	28.84284918658119	29.701080426718825	30.593509261893924	31.533896211755856	32.50516717019025	33.48036159277731	34.46558813295551
	1	2	3	4	5	6	7	8	9	10	11	12	13	14	15	16	17	18	19	20	21	22	23	24	25	26	27	28	29	30	31	32	33	34	35	36	37	38	39	40	41	42	43	44	45	46	47	48	49	50	51	52	53	54	55	56	57	58	59	60	61	62	63	64	65
LG_EC_ATAC_REP1_T1_1 - nextera_transposase_sequence	0.004161923469621389	0.004203934810162655	0.004215137834306993	0.004245946150703921	0.00425154766277609	0.00425154766277609	0.004265551442956512	0.004285156735209102	0.004377581684399887	0.004789292821704291	0.004912526087292004	0.004946135159725016	0.0050021502804467035	0.005100176741709657	0.005262620591802551	0.005867583895596777	0.0064249343467775695	0.010253567848104918	0.012228100853544406	0.02336950836508807	0.0279011316314726	0.048041368286955384	0.05430946029571222	0.0693215126491245	0.07756693841935693	0.10533923527316964	0.24788371372968418	0.4583297215250285	0.6319541897139714	0.8116506969891453	0.9397124659830675	1.0857186789001823	1.2675941743714298	1.5423147324388746	1.954238727202021	2.729381569260806	4.002748101822606	5.573899418409005	7.188574483796156	8.927230616632654	10.747069463931094	12.634608186133764	14.578727781777413	16.652301122164918	18.77311201385702	20.868503243765623	22.81953230455029	24.595808192463473	26.21725268518984	27.815630151203017	29.414492148010435	31.040000537745158	32.61338125613628	34.15562877043029	35.70339657487142	37.221019842096176	38.59753261795489	39.85230213043709	41.007543976421	42.111683227770506	43.21558441485695	44.2786057668407	45.34020153400209	46.40590601026841	47.47586203419751
	1	2	3	4	5	6	7	8	9	10	11	12	13	14	15	16	17	18	19	20	21	22	23	24	25	26	27	28	29	30	31	32	33	34	35	36	37	38	39	40	41	42	43	44	45	46	47	48	49	50	51	52	53	54	55	56	57	58	59	60	61	62	63	64	65
LG_EC_ATAC_REP1_T1_2 - nextera_transposase_sequence	0.003993878107456327	0.004044291716105846	0.004055494740250183	0.004094705324755365	0.0041031075928636175	0.0041031075928636175	0.0041143106170079555	0.004139517421332715	0.004262750686920428	0.004682864092333084	0.004808898113956882	0.004850909454498147	0.004898522307111582	0.005030157840807547	0.005181398666756105	0.005789162726586415	0.006363317713983713	0.010144338362697626	0.012074059271559764	0.022736537500933	0.027100115405152468	0.0465849751481915	0.05260660062577292	0.06729936679107158	0.07529832603012858	0.1026757162828534	0.24488690477107392	0.454895994624789	0.6282683947704844	0.8069818366769926	0.9346094884853218	1.0797474670312504	1.26082754778825	1.5343073709317092	1.9461361399896289	2.7205535862350683	3.995418523276173	5.568160669291069	7.1859893859748505	8.929692481188372	10.75829489412372	12.654543967598613	14.606256412856087	16.684305361389253	18.808015035578705	20.909587534058943	22.867117149603363	24.650319307193783	26.2782643546799	27.884159049893928	29.492395177154123	31.128896534330476	32.71190625197366	34.26215552626276	35.81746576670906	37.33946941637426	38.719978871096465	39.976106750256164	41.13223643590351	42.23575391941301	43.33800266043816	44.39903267488026	45.45862870223188	46.52037571021922	47.58834599811873
	1	2	3	4	5	6	7	8	9	10	11	12	13	14	15	16	17	18	19	20	21	22	23	24	25	26	27	28	29	30	31	32	33	34	35	36	37	38	39	40	41	42	43	44	45	46	47	48	49	50	51	52	53	54	55	56	57	58	59	60	61	62	63	64	65
LG_EC_ATAC_REP2_T1_1 - nextera_transposase_sequence	0.0028592302687168634	0.0028739496008595503	0.0028813092669308935	0.002907068098180595	0.0029217874303232813	0.002929147096394625	0.0029328269294302965	0.0029438664285373114	0.0030064235901437293	0.0033192093981758183	0.003418564890138953	0.003466402719602684	0.0035142405490664152	0.003602556541922535	0.003709271699957012	0.00422076849191537	0.004820581276729847	0.008364260490081635	0.010233615672202828	0.019893177390840882	0.024239060205969085	0.042487352229864744	0.048654752397650415	0.06256452127248921	0.07054239929382532	0.09592588757388829	0.23044218419286505	0.42487352229864744	0.5870216851824825	0.7561210526707014	0.8756162708380665	1.014585165430206	1.185362536782691	1.4515027812546066	1.8489394684392864	2.594366926308326	3.830551637146678	5.328593266803424	6.8659723116114995	8.530357113812746	10.272121445088096	12.089278195598286	13.974636971591615	15.991395225622707	18.068193635463818	20.119840386506112	22.026821861417048	23.745175094919453	25.309067336749543	26.855936670956616	28.415895171271572	30.007779903004018	31.571042893385005	33.119185449822425	34.67745858660704	36.207522123340205	37.59347235889735	38.844733345682855	39.99005929903743	41.08554927358992	42.18468596268075	43.25185226235767	44.325763695988975	45.41169346431478	46.512633271593096
	1	2	3	4	5	6	7	8	9	10	11	12	13	14	15	16	17	18	19	20	21	22	23	24	25	26	27	28	29	30	31	32	33	34	35	36	37	38	39	40	41	42	43	44	45	46	47	48	49	50	51	52	53	54	55	56	57	58	59	60	61	62	63	64	65
LG_EC_ATAC_REP2_T1_2 - nextera_transposase_sequence	0.0027856336080034306	0.0028113924392531324	0.002833471437467162	0.0028702697678238786	0.002877629433895222	0.0028813092669308935	0.00289602859907358	0.002907068098180595	0.002976984925858356	0.003293450566926117	0.0033964858919249227	0.0034590430535313406	0.0035326397142447733	0.0036614338704932807	0.003801267525848803	0.004320123983878504	0.00491625693565731	0.00844153698383074	0.01025937450345253	0.019488395756917	0.023720203747939386	0.04141284098344863	0.047399929332486386	0.061140425887684285	0.06896007108848652	0.09414116855158754	0.22900336947591746	0.42371437489241087	0.586087007591422	0.7547889531117883	0.8743136099434388	1.013473855853433	1.184442578523773	1.450568103663546	1.848619322965183	2.596699940452942	3.840075045042996	5.3472058622978516	6.894811163112059	8.572818707211361	10.33065286935349	12.165285146950085	14.067431321252148	16.1001232523277	18.191972179284704	20.260785351438408	22.184432790167897	23.91891105203262	25.49769925799111	27.060318277590856	28.63809820929757	30.250972708665483	31.83256126756412	33.397984319937045	34.97294549953844	36.51639994868841	37.91461138792042	39.17537370360402	40.32826539367995	41.42931927578236	42.533471577300816	43.60537382209464	44.68391080585179	45.772479014464174	46.87841235517189
	1	2	3	4	5	6	7	8	9	10	11	12	13	14	15	16	17	18	19	20	21	22	23	24	25	26	27	28	29	30	31	32	33	34	35	36	37	38	39	40	41	42	43	44	45	46	47	48	49	50	51	52	53	54	55	56	57	58	59	60	61	62	63	64	65
LG_EC_ATAC_REP3_T1_1 - nextera_transposase_sequence	0.0010636196913197241	0.0010910679414182977	0.001097930003942941	0.0011322403165661581	0.0011493954728777666	0.0011699816604516966	0.001187136816763305	0.0011974299105502702	0.0013621194111417113	0.002096360101278553	0.002267911664394638	0.0023571184772150015	0.0024634804463469742	0.002710514697234136	0.0030844971048272	0.004954409142792522	0.006144976990818149	0.016407191496422325	0.01961863675795543	0.04036265176995237	0.0465041977295082	0.07519105011377986	0.08373431795696087	0.10728491654153696	0.1186347679572971	0.1543826826794268	0.2878360746586913	0.5093983494543768	0.6920458676728097	0.890599646823366	1.0333030990858498	1.2088380894974897	1.4315977942037257	1.7857934445069807	2.3107206414546253	3.278086181741177	4.788254591852069	6.586825196779936	8.393510190643193	10.247560571082802	12.124766981511819	14.003321787226929	15.896135958868248	17.910154740882344	19.96446069197862	22.01246383864601	23.943039940360443	25.729680849589215	27.383290383683992	29.008480685832957	30.595861023471137	32.16766104814711	33.68694227729073	35.18510894004602	36.68270605161177	38.139696908187936	39.48819855624949	40.72439225800147	41.88083506909205	42.98122512245008	44.081752417058595	45.122487129858634	46.12449236176958	47.111411349220106	48.09620652831925
	1	2	3	4	5	6	7	8	9	10	11	12	13	14	15	16	17	18	19	20	21	22	23	24	25	26	27	28	29	30	31	32	33	34	35	36	37	38	39	40	41	42	43	44	45	46	47	48	49	50	51	52	53	54	55	56	57	58	59	60	61	62	63	64	65
LG_EC_ATAC_REP3_T1_2 - nextera_transposase_sequence	0.0010052921598602555	0.001022447316171864	0.0010293093786965073	0.0010944989726806194	0.0011288092853038363	0.0011322403165661581	0.0011596885666647315	0.00117684372297634	0.0013312401297808161	0.002079204944966945	0.002274773726919281	0.0023708426022642885	0.0024806356026585825	0.0027482560411196746	0.0031462556675489906	0.004988719455415739	0.0061689942096544	0.016290536433503387	0.019419636944740772	0.03956322148583142	0.045498905569647946	0.0734412241699958	0.08169628538714178	0.10485231537655088	0.11580759819714403	0.15107859957381103	0.2843467158649101	0.5054904048465925	0.6876541476570379	0.8853158586793906	1.0273571219082462	1.2014648033147606	1.4229927677978227	1.7755449541264259	2.300393237355037	3.2683351908936586	4.781601822234427	6.584526405834181	8.395273740712026	10.256573890208921	12.14328425723457	14.03184395011061	15.932868579562664	17.95345092438158	20.012272112619073	22.068122027783392	24.00627041549377	25.799999835310498	27.46091746599402	29.09475053589277	30.69176520931555	32.275237602345946	33.80473644258876	35.311858096938714	36.81829697606746	38.28033831066176	39.633983074585544	40.87281180834699	42.03126177272602	43.13124353336383	44.23097139768823	45.270282232514404	46.27183456829873	47.256125385802314	48.239784893553626
	1	2	3	4	5	6	7	8	9	10	11	12	13	14	15	16	17	18	19	20	21	22	23	24	25	26	27	28	29	30	31	32	33	34	35	36	37	38	39
LG_EC_ATAC_REP4_T1_1 - nextera_transposase_sequence	0.0001420274637671231	0.00016709113384367422	0.00017126841218976607	0.00018936995168949744	0.00019215480392022536	0.00019772450838168116	0.00021861090011214042	0.0006906433532205201	0.0007157070232970712	0.0007769737723730851	0.0008006450163342723	0.0008312783908722792	0.0019786375099321756	0.0057729986742989445	0.02361833176880335	0.024086186943565638	0.02475037420059424	0.02892486769445537	0.03120426924530616	0.06420198332720109	1.507876341867123	3.889550198465279	4.097082956403584	10.86585985041779	10.951385447275674	10.95984443592651	11.000444796598291	11.053262304006278	11.099266670431787	11.148181207438407	11.182234380515748	11.224442993350776	11.281881963035653	11.376945678783782	11.5166436136599	11.787700243407224	12.221588575511324	12.739171464131605	13.290939806310185
	1	2	3	4	5	6	7	8	9	10	11	12	13	14	15	16	17	18	19	20	21	22	23	24	25	26	27	28	29	30	31	32	33	34	35	36	37	38	39
LG_EC_ATAC_REP4_T1_2 - nextera_transposase_sequence	0.000201901786727773	0.00021443362176604857	0.0002227881784582323	0.0002283578829196881	0.00023532001349650786	0.00023810486572723574	0.0002534215529962392	0.0007379858411428944	0.0007839359029499049	0.0008507723564873745	0.000868873895987106	0.0009008996966404768	0.002017625441162366	0.005675528846223467	0.019549662659709883	0.019946504102588608	0.020582842837309934	0.02481999550636244	0.026960154445676836	0.06086990763313515	1.5151113879625542	3.8896420985888933	4.142037433538109	10.977677237185976	11.060465324301054	11.068808741584316	11.109456444744021	11.162207115698468	11.208171101766633	11.25688234456041	11.29097450556898	11.332860075545243	11.39002612971151	11.484460468855493	11.623771309271541	11.894211094249759	12.32777777592121	12.844891416940612	13.39662773331854
	1	2	3	4	5	6	7	8	9	10	11	12	13	14	15	16	17	18	19	20	21	22	23	24	25	26	27	28	29	30	31	32	33	34	35	36	37	38	39
LV_EC_ATAC_REP1_T1_1 - nextera_transposase_sequence	0.00023405339213581223	0.00023870345952923896	0.00024645357185161683	0.0002573037291029459	0.0002635038189608482	0.0002635038189608482	0.0002697039088187505	0.00027900404360560395	0.000319304627681969	0.00037200539147413866	0.0003952557284412723	0.0004076559081570769	0.00043400629005316174	0.0004495065146979175	0.00048670705384533137	0.0006432593227573648	0.0008540623779260433	0.0022397824611672095	0.0029450426825035976	0.007435457762089346	0.009785291818234322	0.018282514968489438	0.02074240061961218	0.028227459100564744	0.03089659778439169	0.041317398813061	0.09343225411365887	0.17257330110485292	0.23903981440403016	0.30441046182082315	0.3495967167052152	0.4060051342324104	0.4867504544743367	0.6271871398232175	0.8458333086621425	1.272687795064214	1.951405431718922	2.7453036876863455	3.5706115988739024
	1	2	3	4	5	6	7	8	9	10	11	12	13	14	15	16	17	18	19	20	21	22	23	24	25	26	27	28	29	30	31	32	33	34	35	36	37	38	39
LV_EC_ATAC_REP1_T1_2 - nextera_transposase_sequence	0.0002449035493871413	0.0002573037291029459	0.00026195379649637265	0.0002759039986766528	0.00028055406607007955	0.00028055406607007955	0.00028210408853455516	0.00028830417839245746	0.0003332548298622492	0.00039060566104784556	0.0004169560429439304	0.0004386563574465885	0.0004634567168781977	0.00048670705384533137	0.0005332077277795987	0.00069751010901401	0.0009052131192537373	0.0022800830452435745	0.002949692749897024	0.007278905493177313	0.009501637707235291	0.017581904814546478	0.0199224387359046	0.026841739017323576	0.029399276083708282	0.03970847549493535	0.09179543039117266	0.17089462677582587	0.23743244110836897	0.3024620835829774	0.3476374883101181	0.4033917963573046	0.4835419079728723	0.6231338310786139	0.8409972385729786	1.266613257025934	1.9438134216879206	2.736107404404612	3.560437251417085
	1	2	3	4	5	6	7	8	9	10	11	12	13	14	15	16	17	18	19	20	21	22	23	24	25	26	27	28	29	30	31	32	33	34	35	36	37	38	39	40	41	42	43	44	45	46	47	48	49	50	51	52	53	54	55	56	57	58	59	60	61	62	63	64	65
LV_EC_ATAC_REP2_T1_1 - nextera_transposase_sequence	0.00913438520880664	0.009189045758593382	0.009231559519538626	0.009316587041429113	0.009322660435849863	0.009328733830270611	0.009365174196795107	0.009389467774478102	0.009553449423838328	0.009753871439723049	0.009929999877924773	0.010002880610973762	0.010112201710547246	0.010227596204541478	0.010434091614846947	0.011011064084818112	0.011660917287838265	0.015341394306812218	0.016744348418005258	0.025890880415653395	0.03037304549816623	0.04855678839388902	0.054253632360551675	0.06599350377585968	0.07146563214895461	0.09233988877306926	0.18817197933806926	0.3211125098138462	0.42089838014675385	0.5340274980220473	0.6119734420179411	0.6989140831509645	0.8005401919933591	0.9792498228239013	1.2222281134148103	1.6933230984490555	2.44810026348207	3.3124475372598194	4.187405031090617	5.180392872094253	6.28649161078992	7.437958605808582	8.575493234026046	9.75818354976178	10.953597626808984	12.16542201558105	13.282440717445224	14.298926521462738	15.23529210628173	16.18405956250789	17.182155128219378	18.274783078089822	19.366761174757247	20.43537492308805	21.505130469569956	22.56677196110574	23.552004077434077	24.463171148801383	25.299635468793472	26.106783513916607	26.939834586244235	27.77689409888956	28.641508602021823	29.53108475622336	30.429194029586053
	1	2	3	4	5	6	7	8	9	10	11	12	13	14	15	16	17	18	19	20	21	22	23	24	25	26	27	28	29	30	31	32	33	34	35	36	37	38	39	40	41	42	43	44	45	46	47	48	49	50	51	52	53	54	55	56	57	58	59	60	61	62	63	64	65
LV_EC_ATAC_REP2_T1_2 - nextera_transposase_sequence	0.009189045758593382	0.009255853097221623	0.009267999886063121	0.009413761352161099	0.009425908141002597	0.009444128324264844	0.009486642085210089	0.009510935662893084	0.009693137495515557	0.00994822006118702	0.010100054921705747	0.010191155838016983	0.010264036571065973	0.010428018220426199	0.010677027391676912	0.011241853072806576	0.01196458700887572	0.015632917239008174	0.017029797955780464	0.02593339417659864	0.03028801797627574	0.04828955903937606	0.05398640300603871	0.06559873313851099	0.0709676138064532	0.09173254933099435	0.18830559401532573	0.3217927299889701	0.42188834343733594	0.5351267824122029	0.6130362860415722	0.6997643583698694	0.8011414580410132	0.9782234191667947	1.2200538382121822	1.689393612258831	2.445051419482854	3.3107409134275887	4.184726664151067	5.181971954643648	6.2961786748910145	7.453457908370334	8.593859178754391	9.778335072449826	10.978097699902285	12.196153391350041	13.31857134085426	14.342515273220455	15.281783940572565	16.228887286727442	17.225185127690384	18.314357316135425	19.40252132110662	20.46591195023558	21.531968799515244	22.587968107634154	23.565675288275184	24.464276506585957	25.291090202843478	26.086759532511397	26.90632766922496	27.73296523704428	28.585098914641904	29.456442738792354	30.336210361004387
	1	2	3	4	5	6	7	8	9	10	11	12	13	14	15	16	17	18	19	20	21	22	23	24	25	26	27	28	29	30	31	32	33	34	35	36	37	38	39	40	41	42	43	44	45	46	47	48	49	50	51	52	53	54	55	56	57	58	59	60	61	62	63	64	65
LV_EC_ATAC_REP3_T1_1 - nextera_transposase_sequence	0.018422468698084	0.01845603733638226	0.018469464791701563	0.018603739344894597	0.018610453072554246	0.018610453072554246	0.018637307983192856	0.01865073543851216	0.018764868808726236	0.019093841464049164	0.019261684655540453	0.019322108204477318	0.01946309648533	0.019644367132140596	0.01982563777895119	0.020490296817256698	0.021242234315137675	0.024639380510921387	0.02615668296200265	0.03544848204296047	0.0397586952004568	0.05617375932830498	0.06147760417942974	0.07346832177956751	0.07920855892856964	0.10059849525221964	0.2188943766152809	0.36631440856591085	0.48565763144387775	0.6178844977007161	0.7178049064593109	0.8190949156604747	0.9321406619936884	1.112692939944699	1.3757233621945295	1.882086129740773	2.7084721536396295	3.6439092559142066	4.596728199099622	5.701512367861252	6.972125609816276	8.292272734444209	9.576931094663225	10.85118989073744	12.130772672845758	13.429261312043655	14.652381644534303	15.768525440496063	16.806420740584585	17.84714252001782	18.979352266269125	20.210153103202416	21.425371378237653	22.58627559650631	23.72707220043431	24.840047116940717	25.898211160833725	26.871876228402357	27.77485245744252	28.639520156456708	29.52480571311369	30.425304576647438	31.348844953509115	32.28458417352837	33.21733578473909
	1	2	3	4	5	6	7	8	9	10	11	12	13	14	15	16	17	18	19	20	21	22	23	24	25	26	27	28	29	30	31	32	33	34	35	36	37	38	39	40	41	42	43	44	45	46	47	48	49	50	51	52	53	54	55	56	57	58	59	60	61	62	63	64	65
LV_EC_ATAC_REP3_T1_2 - nextera_transposase_sequence	0.018442609881062957	0.01848960597468052	0.01848960597468052	0.01862388052787355	0.01865744916617181	0.018677590349150765	0.018717872715108674	0.01874472762574728	0.018899143361919266	0.019228116017242194	0.01940938666405279	0.019469810212989654	0.019610798493842337	0.019852492689589794	0.0200740457023583	0.020805842017260323	0.021557779515141304	0.024981780621563622	0.026431945796048368	0.035455195770620125	0.03961770691960412	0.055811218034683786	0.06103449815389274	0.07271638428168653	0.07844319397536935	0.0999808323075317	0.21837070585782808	0.36667694985953203	0.4862282982949482	0.6189586941262604	0.7189730950720903	0.820014696349847	0.932785179849015	1.1122968300127796	1.3746424520413256	1.8804144115535197	2.709170381316233	3.645520550552523	4.599507682350718	5.708306660252819	6.987473191246239	8.314125917976375	9.601429486893293	10.878286495571793	12.162837436148253	13.46926170143986	14.698672796747601	15.822564234428599	16.8623595194448	17.900650929465243	19.032504848150587	20.259156601390213	21.471004585140307	22.62293254952801	23.757471959277215	24.86306848908566	25.91175274952324	26.8725677423513	27.764305191289207	28.616223521477718	29.48820918364093	30.37534772913197	31.284500587619014	32.1993534008891	33.11446804953791

