	1	2	3	4	5	6	7	8	9	10	11	12	13	14	15	16	17	18	19	20	21	22	23	24	25	26	27	28	29	30	31	32	33	34	35	36	37	38	39	40	41	42	43	44	45	46	47	48	49	50
BR_EC_ATAC_REP1_T1_1 - Adapter 1	0.7969200049182343	1.0382218416639266	1.582888582555649	3.730737159125329	13.049522417182045	45.37757568780937	189.90537584896973	755.9489824109033	3126.243093922652	10637.23122238586	39061.82352941176	141575.95238095237	134539.52380952382	108518.33333333333	72220.0	34680.23809523809	23697.619047619046	14869.285714285714	12180.95238095238	10482.380952380952	15270.95238095238	14520.714285714284	18146.190476190477	15457.857142857141	2371.6666666666665	870.0	1129.047619047619	760.2380952380952	1422.3809523809523	2415.0	1408.5714285714284	638.8095238095237	1156.6666666666665	160.95238095238093	140.71428571428572	360.23809523809524	255.23809523809524	621.4285714285714	213.33333333333331	989.7619047619047	474.5238095238095	1112.6190476190475	386.19047619047615	574.047619047619	124.04761904761904	127.61904761904762	492.85714285714283	359.5238095238095	271.90476190476187	387.1428571428571
	1	2	3	4	5	6	7	8	9	10	11	12	13	14	15	16	17	18	19	20	21	22	23	24	25	26	27	28	29	30	31	32	33	34	35	36	37	38	39	40	41	42	43	44	45	46	47	48	49	50
BR_EC_ATAC_REP1_T1_2 - Adapter 1	0.8116119232052836	1.031806665433979	1.5660584408997082	3.7856792887632857	12.927385539845574	45.697018533440776	185.2372510648095	759.1629063449673	3191.259668508287	10537.540500736377	38812.705882352944	139648.3333333333	131458.09523809524	111587.61904761904	71238.09523809524	35380.47619047619	22973.809523809523	14897.857142857143	12568.809523809523	10712.857142857143	13408.095238095237	14290.476190476189	18024.04761904762	16276.904761904761	2295.4761904761904	868.3333333333333	949.047619047619	805.7142857142857	1366.6666666666665	1939.2857142857142	1324.5238095238094	619.7619047619047	1104.047619047619	152.38095238095238	135.0	345.4761904761905	272.6190476190476	586.6666666666666	209.52380952380952	890.952380952381	381.66666666666663	1122.3809523809523	384.76190476190476	581.9047619047619	119.76190476190476	115.47619047619047	507.85714285714283	356.19047619047615	261.42857142857144	395.4761904761905
	1	2	3	4	5	6	7	8	9	10	11	12	13	14	15	16	17	18	19	20	21	22	23	24	25	26	27	28	29	30	31	32	33	34	35	36	37	38	39	40	41	42	43	44	45	46	47	48	49	50
BR_EC_ATAC_REP2_T1_1 - Adapter 1	0.7823617045782947	1.079543318581765	1.6517117327383486	3.6452346439747716	11.627003602730458	39.697600247716366	158.84688746315243	571.2197780420134	2318.588981371383	8771.07765451664	35787.278481012654	138839.23076923078	129935.89743589744	104932.05128205128	69943.58974358975	34801.282051282054	24874.615384615387	13861.794871794873	10010.25641025641	8083.076923076923	12445.897435897436	12508.97435897436	12749.74358974359	8079.48717948718	1889.7435897435898	762.3076923076924	1491.025641025641	745.6410256410256	1737.4358974358975	1234.1025641025642	1149.2307692307693	464.35897435897436	730.0	200.25641025641025	147.43589743589743	199.74358974358975	199.74358974358975	384.1025641025641	197.94871794871796	508.71794871794873	264.87179487179486	733.0769230769231	231.02564102564102	261.28205128205127	78.71794871794872	93.33333333333333	348.20512820512823	260.5128205128205	123.07692307692308	164.35897435897436
	1	2	3	4	5	6	7	8	9	10	11	12	13	14	15	16	17	18	19	20	21	22	23	24	25	26	27	28	29	30	31	32	33	34	35	36	37	38	39	40	41	42	43	44	45	46	47	48	49	50
BR_EC_ATAC_REP2_T1_2 - Adapter 1	0.7956792649148907	1.076369930798471	1.6398426146817489	3.6818077136702927	11.557302302681999	40.19167053723486	156.3729594490822	575.4647245342845	2354.133967499009	8712.503961965134	35634.11392405063	137428.97435897437	128192.3076923077	107450.76923076923	69376.15384615384	35608.46153846154	24330.76923076923	13803.333333333334	10438.71794871795	8288.71794871795	11209.48717948718	12031.28205128205	13245.641025641025	8485.897435897436	1818.7179487179487	794.8717948717949	1290.0	830.0	1656.1538461538462	975.8974358974359	1217.4358974358975	420.0	721.2820512820513	203.33333333333334	143.33333333333334	216.4102564102564	202.05128205128204	376.9230769230769	197.43589743589743	477.94871794871796	238.71794871794873	717.4358974358975	220.25641025641025	267.6923076923077	74.87179487179488	114.87179487179488	335.12820512820514	240.76923076923077	124.61538461538461	173.5897435897436
	1	2	3	4	5	6	7	8	9	10	11	12	13	14	15	16	17	18	19	20	21	22	23	24	25	26	27	28	29	30	31	32	33	34	35	36	37	38	39	40	41	42	43	44	45	46	47	48	49	50	51	52	53	54	55	56	57	58	59	60	61	62	63	64	65	66	67	68	69	70	71	72	73	74	75	76
BR_EC_ATAC_REP3_T1_1 - Adapter 1	0.49663483167203587	0.6941906125837131	1.1176147308664497	2.3738935984080363	7.755367306544942	28.552271457388276	119.38177134631411	500.51666666666665	2210.581818181818	9539.223300970873	39897.087378640776	163847.3076923077	157551.92307692306	151353.84615384616	151019.23076923075	149259.23076923075	154080.76923076922	152858.46153846153	172144.61538461538	188341.92307692306	216395.0	214168.46153846153	203129.23076923075	206480.3846153846	211623.46153846153	199852.3076923077	194215.0	190356.92307692306	216702.3076923077	246118.84615384616	253495.76923076922	264031.92307692306	241870.3846153846	239874.23076923075	236664.23076923075	250855.76923076922	193495.76923076922	198423.84615384616	192507.6923076923	188595.76923076922	130685.76923076922	73727.30769230769	56006.92307692308	25939.23076923077	18174.23076923077	16381.538461538461	21954.23076923077	21536.153846153844	28685.0	22478.076923076922	3096.153846153846	1032.3076923076924	1476.923076923077	990.3846153846154	2253.4615384615386	1948.076923076923	1565.7692307692307	495.0	1037.3076923076924	167.69230769230768	151.9230769230769	261.15384615384613	222.69230769230768	419.2307692307692	148.84615384615384	672.6923076923076	337.3076923076923	670.7692307692307	179.23076923076923	423.46153846153845	90.38461538461539	81.15384615384615	353.8461538461538	218.07692307692307	202.69230769230768	2737.3076923076924
	1	2	3	4	5	6	7	8	9	10	11	12	13	14	15	16	17	18	19	20	21	22	23	24	25	26	27	28	29	30	31	32	33	34	35	36	37	38	39	40	41	42	43	44	45	46	47	48	49	50	51	52	53	54	55	56	57	58	59	60	61	62	63	64	65	66	67	68	69	70	71	72	73	74	75	76
BR_EC_ATAC_REP3_T1_2 - Adapter 1	0.5069178196643559	0.6854039187870071	1.105828605318835	2.380629374851286	7.724304641406154	28.887331546598734	118.89650731115992	501.9757575757576	2223.8545454545456	9541.941747572815	39867.8640776699	163143.46153846153	155953.84615384616	152969.23076923075	150080.0	151383.46153846153	152022.3076923077	155190.0	175205.76923076922	187952.6923076923	211815.3846153846	213138.0769230769	202507.3076923077	210694.23076923075	213521.53846153847	196322.6923076923	191862.3076923077	194995.0	219464.23076923075	232347.6923076923	259791.92307692306	261508.84615384616	245348.46153846153	235483.84615384616	232183.46153846153	227826.15384615384	212518.84615384616	188269.23076923075	209118.0769230769	187179.23076923075	126632.30769230769	76156.53846153845	47926.153846153844	32285.384615384613	20245.76923076923	17300.76923076923	21706.53846153846	21674.615384615383	28385.384615384613	22736.923076923074	3005.3846153846152	1002.3076923076923	1502.3076923076922	1116.5384615384614	2061.153846153846	1685.3846153846152	1610.3846153846152	462.30769230769226	1005.0	181.9230769230769	163.07692307692307	235.3846153846154	233.07692307692307	368.07692307692304	148.07692307692307	616.9230769230769	330.38461538461536	654.2307692307692	206.9230769230769	384.6153846153846	71.53846153846153	70.76923076923077	284.6153846153846	175.76923076923077	157.69230769230768	2792.6923076923076
	1	2	3	4	5	6	7	8	9	10	11	12	13	14	15	16	17	18	19	20	21	22	23	24	25	26	27	28	29	30	31	32	33	34	35	36	37	38	39	40	41	42	43	44	45	46	47	48	49	50	51	52	53	54	55	56	57	58	59	60	61	62	63	64	65	66	67	68	69	70	71	72	73	74	75	76
BR_EC_ATAC_REP4_T1_1 - Adapter 1	0.5189718380706098	0.7189228447722092	1.1500284523996331	2.5159478846139263	8.189008032727614	29.192127592867905	118.79687689631457	501.8268608414239	2225.4951456310678	9869.40414507772	40562.68041237113	172193.75	167381.6666666667	164186.6666666667	161293.33333333334	151343.33333333334	151838.75	149138.75	168457.08333333334	186647.5	209119.58333333334	211202.08333333334	213225.0	232815.4166666667	233654.1666666667	203277.08333333334	186323.75	174400.0	196210.4166666667	221085.0	230691.25	236783.33333333334	232105.0	251099.1666666667	246325.4166666667	207633.33333333334	175571.6666666667	153318.33333333334	150292.5	134727.5	87376.25	45168.333333333336	37359.583333333336	17509.166666666668	16362.5	15640.833333333334	19696.25	18504.583333333336	25466.666666666668	22563.333333333336	3185.0	1034.5833333333335	1271.25	892.9166666666667	1735.4166666666667	2079.5833333333335	1400.4166666666667	515.0	1033.3333333333335	157.5	125.83333333333334	332.9166666666667	234.16666666666669	516.25	136.66666666666669	767.0833333333334	388.33333333333337	805.8333333333334	241.66666666666669	515.4166666666667	128.75	83.33333333333334	381.6666666666667	269.1666666666667	357.5	8985.416666666668
	1	2	3	4	5	6	7	8	9	10	11	12	13	14	15	16	17	18	19	20	21	22	23	24	25	26	27	28	29	30	31	32	33	34	35	36	37	38	39	40	41	42	43	44	45	46	47	48	49	50	51	52	53	54	55	56	57	58	59	60	61	62	63	64	65	66	67	68	69	70	71	72	73	74	75	76
BR_EC_ATAC_REP4_T1_2 - Adapter 1	0.5279906204268433	0.7102520135149293	1.1348706952609726	2.5366491617088953	8.145772388352166	29.619729562992404	118.53108944536591	504.41100323624596	2241.177993527508	9879.222797927461	40533.71134020619	171478.75	165512.5	166102.9166666667	160561.25	153488.75	149231.25	151988.33333333334	171067.9166666667	186146.25	203082.9166666667	211418.33333333334	211882.5	238753.33333333334	235468.33333333334	199038.33333333334	182107.9166666667	181047.08333333334	198450.83333333334	210914.1666666667	235540.0	237858.75	231844.58333333334	243902.08333333334	242747.08333333334	212544.1666666667	178736.6666666667	148759.58333333334	152856.25	131960.83333333334	84847.08333333334	48140.41666666667	31530.0	22213.333333333336	17764.583333333336	16525.416666666668	19437.5	18655.833333333336	25121.666666666668	22718.333333333336	3084.5833333333335	1025.8333333333335	1270.4166666666667	917.0833333333334	1615.8333333333335	1814.5833333333335	1387.0833333333335	481.6666666666667	999.5833333333334	147.08333333333334	132.08333333333334	294.1666666666667	288.33333333333337	460.0	150.0	670.8333333333334	336.25	771.6666666666667	225.41666666666669	483.75	107.91666666666667	72.5	366.25	247.91666666666669	225.83333333333334	9145.833333333334
	1	2	3	4	5	6	7	8	9	10	11	12	13	14	15	16	17	18	19	20	21	22	23	24	25	26	27	28	29	30	31	32	33	34	35	36	37	38	39	40	41	42	43	44	45	46	47	48	49	50	51	52	53	54	55	56	57	58	59	60	61	62	63	64	65	66	67	68	69	70	71	72	73	74	75	76
LG_EC_ATAC_REP1_T1_1 - Adapter 1	0.3947114466182843	0.5867238875318541	1.0225367194786168	2.4085457008000932	8.320656881133882	31.56624985660204	135.1202276064611	545.8957415565345	2466.277533039648	10327.741935483871	44184.705882352944	188094.2857142857	183506.66666666666	180583.3333333333	183480.95238095237	188371.90476190476	196464.2857142857	194345.23809523808	218153.3333333333	236719.0476190476	267598.5714285714	269429.5238095238	264463.8095238095	267860.47619047615	280555.71428571426	277559.5238095238	281277.14285714284	277185.2380952381	309480.0	346031.4285714286	355130.0	371355.71428571426	348174.7619047619	346442.8571428571	321836.6666666666	317831.4285714286	297950.0	268945.2380952381	265965.2380952381	219555.7142857143	142160.47619047618	64489.52380952381	55164.7619047619	23812.85714285714	22945.714285714286	21706.190476190477	30643.333333333332	29804.285714285714	37381.90476190476	23875.714285714286	4882.380952380952	1626.1904761904761	2553.333333333333	1316.1904761904761	3509.523809523809	1580.952380952381	2151.904761904762	550.952380952381	1094.7619047619048	164.28571428571428	164.76190476190476	195.23809523809524	136.66666666666666	337.6190476190476	122.38095238095238	417.6190476190476	260.0	481.90476190476187	167.14285714285714	291.4285714285714	63.80952380952381	59.047619047619044	221.42857142857142	155.7142857142857	116.66666666666666	1069.5238095238094
	1	2	3	4	5	6	7	8	9	10	11	12	13	14	15	16	17	18	19	20	21	22	23	24	25	26	27	28	29	30	31	32	33	34	35	36	37	38	39	40	41	42	43	44	45	46	47	48	49	50	51	52	53	54	55	56	57	58	59	60	61	62	63	64	65	66	67	68	69	70	71	72	73	74	75	76
LG_EC_ATAC_REP1_T1_2 - Adapter 1	0.4036665840182228	0.5808911450086741	1.0051245319152635	2.422247444456315	8.297655716735784	31.978662383847652	134.95548825256975	548.527900146843	2479.4126284875188	10333.284457478005	44082.705882352944	186777.14285714284	181691.90476190476	182415.7142857143	182609.0476190476	190850.47619047618	192549.5238095238	197942.38095238095	221030.0	236025.7142857143	260426.19047619047	269316.6666666666	263400.0	273963.3333333333	282916.6666666666	272511.90476190473	276686.6666666666	284741.4285714286	312472.38095238095	327777.61904761905	362788.0952380952	366055.2380952381	353288.5714285714	331717.14285714284	325048.0952380952	322305.2380952381	299212.8571428571	267372.85714285716	272583.8095238095	212552.85714285713	130361.42857142857	71252.85714285714	45988.57142857143	31292.38095238095	25178.571428571428	22661.90476190476	30315.714285714286	29917.619047619046	36853.33333333333	24185.714285714286	4665.714285714285	1543.3333333333333	2542.8571428571427	1453.8095238095239	3162.3809523809523	1404.7619047619048	2185.714285714286	520.952380952381	1056.1904761904761	162.38095238095238	151.9047619047619	176.19047619047618	143.8095238095238	292.85714285714283	107.61904761904762	378.0952380952381	264.2857142857143	531.9047619047619	164.76190476190476	270.0	56.19047619047619	45.238095238095234	205.7142857142857	151.42857142857142	100.47619047619047	1091.4285714285713
	1	2	3	4	5	6	7	8	9	10	11	12	13	14	15	16	17	18	19	20	21	22	23	24	25	26	27	28	29	30	31	32	33	34	35	36	37	38	39	40	41	42	43	44	45	46	47	48	49	50	51	52	53	54	55	56	57	58	59	60	61	62	63	64	65	66	67	68	69	70	71	72	73	74	75	76
LG_EC_ATAC_REP2_T1_1 - Adapter 1	0.40338270859703934	0.5923706992024359	1.0464125223115612	2.426462206873293	8.419900370032632	31.658728484008076	134.56409019655132	552.6163491680733	2490.5978784956606	10590.810810810812	45238.769230769234	194748.75	186867.5	182960.0	184185.0	187421.875	196703.75	191860.0	218632.5	238461.875	270424.375	272079.375	264483.125	267293.125	275198.75	271451.25	274317.5	266144.375	299936.25	339203.75	347861.875	369586.25	336858.75	323565.625	343712.5	270046.25	283627.5	265340.0	258563.125	250065.625	95813.125	66376.875	55233.125	20622.5	20812.5	20065.0	28629.375	27765.625	34857.5	22211.875	4474.375	1552.5	2364.375	1309.375	3173.125	1695.0	1965.0	585.625	1025.625	163.75	133.75	202.5	124.375	305.0	137.5	448.75	266.25	506.25	158.125	303.125	64.375	56.875	208.125	153.125	130.0	797.5
	1	2	3	4	5	6	7	8	9	10	11	12	13	14	15	16	17	18	19	20	21	22	23	24	25	26	27	28	29	30	31	32	33	34	35	36	37	38	39	40	41	42	43	44	45	46	47	48	49	50	51	52	53	54	55	56	57	58	59	60	61	62	63	64	65	66	67	68	69	70	71	72	73	74	75	76
LG_EC_ATAC_REP2_T1_2 - Adapter 1	0.414496245944732	0.5897742089742474	1.026017417796071	2.4639647150478226	8.410216216623583	32.53655080939318	136.16001447003498	558.9848082951531	2510.9257473481193	10612.432432432433	45353.07692307692	191775.625	186506.875	184906.875	184394.375	190330.0	190740.0	197555.0	219740.625	238997.5	263738.125	271583.75	266064.375	272587.5	277233.75	267499.375	268560.0	274580.625	301458.75	323435.625	355630.625	358979.375	345113.75	323642.5	313823.125	306288.75	287007.5	258128.125	260073.75	208886.875	126372.5	68654.375	44941.875	29603.125	24134.375	21002.5	28715.625	27905.0	34385.625	22991.875	4318.125	1503.125	2396.875	1355.625	2920.0	1509.375	1946.25	568.125	1055.0	170.0	138.75	193.75	148.125	296.875	107.5	384.375	243.125	547.5	174.375	285.0	60.625	54.375	206.875	175.625	111.875	820.625
	1	2	3	4	5	6	7	8	9	10	11	12	13	14	15	16	17	18	19	20	21	22	23	24	25	26	27	28	29	30	31	32	33	34	35	36	37	38	39	40	41	42	43	44	45	46	47	48	49	50	51	52	53	54	55	56	57	58	59	60	61	62	63	64	65	66	67	68	69	70	71	72	73	74	75	76
LG_EC_ATAC_REP3_T1_1 - Adapter 1	0.3996903013941378	0.5827631142520203	0.9904493256952532	2.2514066680368834	7.667122233660193	28.933766179012608	127.32137837989768	502.77940184393975	2311.0341726618703	9434.78417266187	40721.739130434784	174795.29411764708	171515.29411764708	171958.23529411765	181416.4705882353	189172.35294117648	197274.11764705883	196444.70588235295	216531.17647058825	233883.5294117647	258964.70588235295	263504.70588235295	258792.35294117648	261052.35294117648	273384.70588235295	277564.11764705885	286971.17647058825	286710.0	314454.11764705885	342078.82352941175	354018.82352941175	359047.0588235294	346352.9411764706	342917.0588235294	334230.0	316706.4705882353	322583.5294117647	304625.8823529412	309505.29411764705	263252.3529411765	160912.9411764706	91847.05882352941	71467.64705882352	30008.823529411766	27421.176470588234	23929.411764705885	34348.82352941176	31428.823529411766	38992.35294117647	22548.235294117647	6347.058823529412	2140.5882352941176	4062.9411764705883	1702.3529411764707	4991.176470588235	1422.9411764705883	3593.529411764706	702.9411764705883	2048.2352941176473	282.94117647058823	362.94117647058823	161.76470588235296	143.52941176470588	227.64705882352942	127.64705882352942	284.11764705882354	267.6470588235294	434.70588235294116	122.3529411764706	165.88235294117646	50.0	71.17647058823529	180.58823529411765	130.58823529411765	72.3529411764706	328.2352941176471
	1	2	3	4	5	6	7	8	9	10	11	12	13	14	15	16	17	18	19	20	21	22	23	24	25	26	27	28	29	30	31	32	33	34	35	36	37	38	39	40	41	42	43	44	45	46	47	48	49	50	51	52	53	54	55	56	57	58	59	60	61	62	63	64	65	66	67	68	69	70	71	72	73	74	75	76
LG_EC_ATAC_REP3_T1_2 - Adapter 1	0.40777875173318545	0.5781929807360501	0.9851594985006666	2.255429483902588	7.613754141385041	29.39991849009936	127.20220360897183	505.4508657521925	2321.6906474820144	9450.503597122302	40640.86956521739	173557.05882352943	169657.05882352943	174068.82352941178	180371.17647058825	192017.64705882352	193659.41176470587	199936.4705882353	219538.23529411765	233484.70588235295	252475.29411764708	262720.5882352941	258513.5294117647	266782.9411764706	275815.8823529412	273258.82352941175	284021.76470588235	292547.64705882355	316428.82352941175	327555.29411764705	357100.0	357798.82352941175	346102.3529411765	326445.8823529412	325901.76470588235	335410.58823529416	322296.4705882353	302518.23529411765	314028.82352941175	254822.9411764706	164468.82352941178	91462.35294117648	59731.17647058824	38344.705882352944	30276.470588235294	25444.70588235294	33624.705882352944	31612.941176470587	38524.705882352944	22767.64705882353	6052.941176470588	2084.1176470588234	4029.4117647058824	1940.5882352941178	4508.235294117647	1325.8823529411766	3670.5882352941176	694.7058823529412	1926.4705882352941	278.2352941176471	366.47058823529414	168.82352941176472	160.0	226.47058823529412	131.1764705882353	232.94117647058823	257.05882352941177	384.70588235294116	113.52941176470588	165.29411764705884	50.588235294117645	61.1764705882353	148.8235294117647	115.29411764705883	74.70588235294117	337.64705882352945
	1	2	3	4	5	6	7	8	9	10	11	12	13	14	15	16	17	18	19	20	21	22	23	24	25	26	27	28	29	30	31	32	33	34	35	36	37	38	39	40	41	42	43	44	45	46	47	48	49	50
LG_EC_ATAC_REP4_T1_1 - Adapter 1	0.7187616163148675	0.979129314836122	1.4488575020935404	3.0605716567065486	9.407975315788798	30.573701770895713	118.89720308436375	432.7039605767476	1725.6131386861314	6365.167883211679	25536.491228070172	94524.41860465116	87742.55813953489	69917.20930232559	45356.74418604651	22403.25581395349	16576.279069767443	10084.883720930233	7942.325581395349	6346.046511627907	10012.093023255815	8925.348837209303	10955.581395348838	8802.32558139535	7015.3488372093025	38990.46511627907	1141621.1627906978	59306.27906976744	404867.67441860464	233670.23255813954	5761.39534883721	811.8604651162791	1450.46511627907	275.34883720930236	302.3255813953489	3395.3488372093025	847.4418604651163	733.953488372093	187.67441860465118	780.6976744186047	349.30232558139534	827.2093023255815	335.34883720930236	380.93023255813955	77.2093023255814	89.53488372093024	374.6511627906977	271.3953488372093	168.37209302325581	213.25581395348837
	1	2	3	4	5	6	7	8	9	10	11	12	13	14	15	16	17	18	19	20	21	22	23	24	25	26	27	28	29	30	31	32	33	34	35	36	37	38	39	40	41	42	43	44	45	46	47	48	49	50
LG_EC_ATAC_REP4_T1_2 - Adapter 1	0.7314763604476572	0.9777843426027697	1.4323061223707763	3.10476927162516	9.359796047275283	30.998032338095644	117.04704110964093	435.4143091805074	1752.5912408759125	6271.532846715329	25679.88304093567	94274.18604651163	86923.72093023256	71066.51162790698	44993.023255813954	22971.39534883721	16239.06976744186	10105.348837209303	8193.255813953489	6300.697674418605	8499.534883720931	9079.06976744186	10891.162790697676	8583.255813953489	9317.441860465116	43443.25581395349	1125866.9767441861	63922.79069767442	409205.5813953488	218528.83720930232	6177.906976744186	771.8604651162791	1338.6046511627908	262.7906976744186	304.8837209302326	3243.0232558139537	783.0232558139535	678.3720930232558	170.69767441860466	701.6279069767443	322.093023255814	830.232558139535	359.30232558139534	399.5348837209302	80.46511627906978	89.76744186046513	366.51162790697674	273.48837209302326	160.2325581395349	213.25581395348837
	1	2	3	4	5	6	7	8	9	10	11	12	13	14	15	16	17	18	19	20	21	22	23	24	25	26	27	28	29	30	31	32	33	34	35	36	37	38	39	40	41	42	43	44	45	46	47	48	49	50
LV_EC_ATAC_REP1_T1_1 - Adapter 1	0.7824523320816489	1.08972482413817	1.6842003555577953	3.81733842567333	12.237366097858677	42.188904690555404	165.86992406734896	603.0495733441691	2449.650548557497	9065.512195121952	37080.194805194806	143688.68421052632	136830.7894736842	110007.1052631579	72582.8947368421	35432.36842105263	24505.526315789473	13777.894736842107	9950.526315789473	7977.368421052632	12041.052631578948	12475.789473684212	13141.578947368422	8600.263157894737	1896.578947368421	761.578947368421	1443.6842105263158	712.6315789473684	1586.3157894736844	1246.0526315789475	1031.3157894736842	415.7894736842105	766.578947368421	187.10526315789474	143.42105263157896	202.10526315789474	194.21052631578948	403.94736842105266	218.1578947368421	515.7894736842105	248.1578947368421	724.2105263157895	219.21052631578948	293.15789473684214	78.42105263157895	92.36842105263159	355.5263157894737	269.7368421052632	123.42105263157896	160.0
	1	2	3	4	5	6	7	8	9	10	11	12	13	14	15	16	17	18	19	20	21	22	23	24	25	26	27	28	29	30	31	32	33	34	35	36	37	38	39	40	41	42	43	44	45	46	47	48	49	50
LV_EC_ATAC_REP1_T1_2 - Adapter 1	0.7947572784172361	1.0830379031831658	1.6738437253949432	3.84699171668072	12.189304970707791	42.44762170810372	163.4438885643904	605.6603006907761	2471.0280373831774	9011.772357723577	36877.98701298701	143312.1052631579	134793.68421052632	112011.84210526316	71655.26315789473	36253.15789473685	23964.21052631579	13690.263157894737	10340.263157894737	8188.1578947368425	10792.631578947368	11980.263157894737	13649.473684210527	9049.473684210527	1816.0526315789475	783.6842105263158	1202.6315789473686	775.0	1495.5263157894738	1015.2631578947369	1041.578947368421	379.2105263157895	710.5263157894738	194.73684210526318	150.0	212.3684210526316	210.0	395.2631578947369	200.0	491.8421052631579	250.78947368421055	726.0526315789474	254.73684210526318	296.3157894736842	68.42105263157895	91.8421052631579	346.0526315789474	249.47368421052633	125.26315789473685	161.8421052631579
	1	2	3	4	5	6	7	8	9	10	11	12	13	14	15	16	17	18	19	20	21	22	23	24	25	26	27	28	29	30	31	32	33	34	35	36	37	38	39	40	41	42	43	44	45	46	47	48	49	50	51	52	53	54	55	56	57	58	59	60	61	62	63	64	65	66	67	68	69	70	71	72	73	74	75	76
LV_EC_ATAC_REP2_T1_1 - Adapter 1	0.5572380747805888	0.708405558137153	1.187073793405828	2.629039731083657	9.763237434232622	20.757002835961988	131.31442786069653	424.49044585987264	2206.1783439490446	9599.745222929936	34923.07692307692	170063.0	154705.0	134973.0	148215.0	140364.0	139720.0	146341.0	143953.0	164762.0	209274.0	173845.0	203015.0	170756.0	175154.0	171145.0	196060.0	132200.0	209831.0	154491.0	220442.0	164565.0	204848.0	187092.0	202478.0	196847.0	159870.0	144895.0	143148.0	120556.0	77536.0	37606.0	45807.0	5762.0	10142.0	10122.0	18556.0	16460.0	23319.0	14997.0	3587.0	1181.0	1888.0	1392.0	3096.0	1683.0	1401.0	387.0	923.0	197.0	163.0	182.0	200.0	282.0	203.0	385.0	235.0	556.0	158.0	317.0	62.0	73.0	279.0	209.0	141.0	1611.0
	1	2	3	4	5	6	7	8	9	10	11	12	13	14	15	16	17	18	19	20	21	22	23	24	25	26	27	28	29	30	31	32	33	34	35	36	37	38	39	40	41	42	43	44	45	46	47	48	49	50	51	52	53	54	55	56	57	58	59	60	61	62	63	64	65	66	67	68	69	70	71	72	73	74	75	76
LV_EC_ATAC_REP2_T1_2 - Adapter 1	0.5708679867051937	0.6675291858172933	1.1209952516737305	2.6814516755963393	9.007612224336729	21.912035424647993	123.75323383084577	430.99124203821657	2312.754777070064	9574.140127388535	33483.58974358974	176232.0	139053.0	142336.0	143382.0	152880.0	130868.0	141624.0	176142.0	145812.0	183037.0	188986.0	171408.0	233981.0	179403.0	170793.0	144029.0	192946.0	172750.0	182706.0	205428.0	170891.0	189406.0	178778.0	207610.0	212829.0	158564.0	88826.0	175771.0	78058.0	69304.0	42082.0	26159.0	15699.0	14983.0	18415.0	14018.0	20935.0	18874.0	14872.0	2459.0	1091.0	1946.0	2509.0	1660.0	1346.0	1807.0	438.0	759.0	255.0	135.0	214.0	200.0	256.0	242.0	323.0	271.0	530.0	137.0	234.0	57.0	54.0	273.0	178.0	111.0	1627.0
	1	2	3	4	5	6	7	8	9	10	11	12	13	14	15	16	17	18	19	20	21	22	23	24	25	26	27	28	29	30	31	32	33	34	35	36	37	38	39	40	41	42	43	44	45	46	47	48	49	50	51	52	53	54	55	56	57	58	59	60	61	62	63	64	65	66	67	68	69	70	71	72	73	74	75	76
LV_EC_ATAC_REP3_T1_1 - Adapter 1	0.5284627406112683	0.6722321501846973	1.1138472088723472	2.68179708849664	10.111166109804893	21.608458915410846	137.44252557474425	450.8227012758469	2324.1197183098593	10228.028169014086	35129.166666666664	180337.77777777778	162874.44444444444	145442.22222222222	159372.22222222222	151714.44444444444	151524.44444444444	158543.33333333334	153990.0	177660.0	225646.66666666666	182357.77777777778	234393.3333333333	183567.77777777778	197874.44444444444	195348.88888888888	214721.1111111111	150858.88888888888	238908.88888888888	148733.33333333334	266238.8888888889	149261.1111111111	230443.3333333333	215653.3333333333	246810.0	226783.3333333333	172356.66666666666	151166.66666666666	198954.44444444444	126276.66666666666	44473.333333333336	48408.88888888889	43084.444444444445	7800.0	10994.444444444443	12108.888888888889	21845.555555555555	19340.0	26192.222222222223	18203.333333333332	3684.4444444444443	1266.6666666666667	1910.0	1397.7777777777778	2766.6666666666665	1860.0	1580.0	394.44444444444446	1028.888888888889	213.33333333333331	160.0	206.66666666666666	273.3333333333333	310.0	267.77777777777777	492.22222222222223	328.88888888888886	565.5555555555555	175.55555555555554	371.1111111111111	63.33333333333333	81.11111111111111	312.22222222222223	203.33333333333331	136.66666666666666	3194.4444444444443
	1	2	3	4	5	6	7	8	9	10	11	12	13	14	15	16	17	18	19	20	21	22	23	24	25	26	27	28	29	30	31	32	33	34	35	36	37	38	39	40	41	42	43	44	45	46	47	48	49	50	51	52	53	54	55	56	57	58	59	60	61	62	63	64	65	66	67	68	69	70	71	72	73	74	75	76
LV_EC_ATAC_REP3_T1_2 - Adapter 1	0.5421745892501191	0.62950920822697	1.070913724406732	2.695701493563412	9.27903587289802	22.700472995270047	129.1992080079199	460.42674879014515	2439.4542253521126	10082.25352112676	33806.11111111111	186335.55555555556	146646.66666666666	153704.44444444444	154661.1111111111	164515.55555555556	140920.0	153024.44444444444	192323.33333333334	155493.33333333334	193908.88888888888	204235.55555555556	186601.1111111111	264468.8888888889	203666.66666666666	193635.55555555556	158560.0	215245.55555555556	190951.1111111111	199153.3333333333	224230.0	182007.77777777778	207255.55555555556	201404.44444444444	241464.44444444444	242650.0	174072.22222222222	96982.22222222222	194153.33333333334	83437.77777777778	74275.55555555555	45685.555555555555	26538.888888888887	17560.0	17558.888888888887	23116.666666666668	16520.0	25293.333333333332	20915.555555555555	18175.555555555555	2410.0	1196.6666666666667	1917.7777777777778	2323.3333333333335	1486.6666666666667	1562.2222222222222	1873.3333333333333	462.22222222222223	791.1111111111111	248.88888888888889	175.55555555555554	248.88888888888889	275.55555555555554	244.44444444444443	244.44444444444443	422.22222222222223	333.3333333333333	624.4444444444445	171.11111111111111	326.6666666666667	77.77777777777777	85.55555555555556	301.1111111111111	173.33333333333334	122.22222222222221	3248.8888888888887

