	1	2	3	4	5	6	7	8	9	10	11	12	13	14	15	16	17	18	19	20	21	22	23	24	25	26	27	28	29	30	31	32	33	34	35	36	37	38	39	40	41	42	43	44	45	46	47	48	49	50
BR_EC_ATAC_REP1_T1_1	32.29667480985755	32.51961116439198	32.5967078884966	32.47762037554232	32.604818323935994	36.228189956262845	36.5814271872969	36.726610289648875	36.85398620786566	36.844909395584125	36.87089741617045	36.85030374312765	36.871983376367886	36.85676628901653	36.831904445732555	36.79928941350055	36.79155376157102	36.79517199416838	36.78044618222058	36.763957042735946	36.761197224710614	36.75505821432963	36.73676561451582	36.640636869192534	36.676460880715254	36.633651655512814	36.634665851644975	36.625385101262935	36.59038504856756	36.56760996996364	36.44824615060336	36.49212651103968	36.49705989355536	36.489410985227735	36.469071500588434	36.45588984560257	36.44927178514342	36.42668861604398	36.41239326201894	36.3953408441798	36.396554650366234	36.36383158560363	36.34679791326342	36.3197229066765	36.30433666016757	36.28624677592173	36.265428213100066	36.236319797649784	36.20647207321143	35.558418337988094
	1	2	3	4	5	6	7	8	9	10	11	12	13	14	15	16	17	18	19	20	21	22	23	24	25	26	27	28	29	30	31	32	33	34	35	36	37	38	39	40	41	42	43	44	45	46	47	48	49	50
BR_EC_ATAC_REP1_T1_2	31.979491201630044	32.11270568231719	32.1685251831164	32.09780604591523	32.073948449877925	36.094595338216436	36.04779819781841	36.04163292406597	36.128579803621925	36.082875298167956	36.07399763222146	36.05505779276668	36.06203012067239	36.05580535033637	36.03162218123693	35.98213850450546	35.98823909645009	35.989579624457676	35.965674588537	35.96023431873672	35.97738802409935	35.96835449228013	35.960075417610796	35.940103437494514	35.923623094623316	35.90104733097961	35.903511661484956	35.898342695543725	35.88892915283413	35.8796780523792	35.86033165762063	35.82974026804377	35.821939456535105	35.79881195130948	35.785077388417555	35.78561173350196	35.77078639054294	35.75857625546715	35.76000864204036	35.7433423758585	35.749246828617096	35.716466346981434	35.71251569795015	35.69443461031776	35.678178089265955	35.652858175686355	35.63637004795279	35.57940556814389	35.58557300591944	34.90902099734767
	1	2	3	4	5	6	7	8	9	10	11	12	13	14	15	16	17	18	19	20	21	22	23	24	25	26	27	28	29	30	31	32	33	34	35	36	37	38	39	40	41	42	43	44	45	46	47	48	49	50
BR_EC_ATAC_REP2_T1_1	32.27177761695404	32.54566456126532	32.620570939462056	32.5104324850595	32.63872532769181	36.2684026568958	36.596792439291164	36.72415520994075	36.84643101678103	36.83948752255101	36.85529481520438	36.8439459714888	36.86061714324282	36.8483791256135	36.822472852375874	36.79293192768157	36.7858563047178	36.789205350066155	36.77353396600504	36.75409577151463	36.7535610273728	36.74493316771707	36.725309230979924	36.632968270567474	36.66768869000718	36.625928465542856	36.629912799269164	36.62062412963088	36.58632604134119	36.56114736062611	36.44066294968485	36.487343778826144	36.49279958122796	36.48756964805072	36.46901730119857	36.460573067068815	36.45325468647268	36.43231897252197	36.416050597609235	36.39595655231063	36.40059593551513	36.36380905231358	36.350102106073656	36.32381390081367	36.30828098052916	36.28677833316163	36.26455030070891	36.23839395203287	36.20419663477081	35.56975467297103
	1	2	3	4	5	6	7	8	9	10	11	12	13	14	15	16	17	18	19	20	21	22	23	24	25	26	27	28	29	30	31	32	33	34	35	36	37	38	39	40	41	42	43	44	45	46	47	48	49	50
BR_EC_ATAC_REP2_T1_2	32.1596170138507	32.30924904764953	32.363644250482935	32.3014071415316	32.301009228267496	36.387577603896894	36.35384251797119	36.34854365529432	36.39028912319106	36.3635742475035	36.3510138230635	36.339779055477464	36.34824843322597	36.34032843523141	36.32380194134137	36.279296345170145	36.28397390494551	36.28295013783027	36.259545934367566	36.25262478666101	36.270038519177234	36.25724301777734	36.251309970441206	36.2330618266012	36.21580417200219	36.19670350375647	36.20024656168195	36.19260200953607	36.17937625440274	36.16955698334755	36.14733341112786	36.11536534857356	36.10937286674236	36.08373450987527	36.06974094452495	36.07492382602358	36.06000566192564	36.048404988917305	36.046244830022935	36.026730645257224	36.03420412100736	36.00188692048306	36.00180021052905	35.98547214409087	35.97299596513712	35.949220337658694	35.93258437906647	35.880553689397416	35.881955926184624	35.26525978014952
	1	2	3	4	5	6	7	8	9	10	12	14	16	18	20	22	24	26	28	30	32	34	36	38	40	42	44	46	48	50	52	54	56	58	60	62	64	66	68	70	72	74	76
BR_EC_ATAC_REP3_T1_1	25.93970336261345	31.57442295993561	34.65640668404852	35.959392777756314	36.256439081097426	39.699885895892045	39.95162493095801	39.973735315694235	39.98138406657552	39.957648800591286	39.97384385690613	39.96870281379191	39.9642993283855	39.978017265925374	40.00266479137417	39.99777543115739	39.98843418186458	39.89405288723438	39.859717864986386	39.86045356145924	39.83609072403728	39.78469136782111	39.772640091052075	39.75646592449864	39.752878503922226	39.66704226619531	39.668367557976254	39.6499333666321	39.59747167298643	39.63718598798502	39.60470638579082	39.58591667544684	39.55226016004818	39.50713372057656	39.48345787538572	39.45928731162828	39.47860390175426	39.46372559403626	39.447222751884226	39.392408607525034	39.275013026910706	39.20104097137691	38.418875415012046
	1	2	3	4	5	6	7	8	9	10	12	14	16	18	20	22	24	26	28	30	32	34	36	38	40	42	44	46	48	50	52	54	56	58	60	62	64	66	68	70	72	74	76
BR_EC_ATAC_REP3_T1_2	25.453462871587757	31.166771901585385	34.07441698317488	35.38678245259116	35.57531408686899	38.89416102382998	39.15342613011586	39.18605822641232	39.250048316966144	39.148416471693636	39.15793051526637	39.23862678500237	39.18791521868944	39.21393950311223	39.17490014590001	39.19436410884197	39.15553290937407	39.15022522214764	39.18139639928026	39.18071665546111	39.15803883682942	39.07436531945393	39.04018610916182	39.02185670187823	38.97258424013047	39.00146430638027	38.942836988671644	38.915911253819665	38.893062409659294	38.89613151675876	38.82736472272582	38.80202907212026	38.75691356884915	38.753447429117756	38.730162385467864	38.743086038095015	38.702155885804146	38.65808831562235	38.60984059666985	38.63093453902516	38.61973996212283	38.550291736442745	37.5695065251083
	1	2	3	4	5	6	7	8	9	10	12	14	16	18	20	22	24	26	28	30	32	34	36	38	40	42	44	46	48	50	52	54	56	58	60	62	64	66	68	70	72	74	76
BR_EC_ATAC_REP4_T1_1	25.951744773644513	31.588445277082496	34.67717922137335	35.98375957446241	36.265636523169775	39.72940247986638	39.96987019037369	39.992606455261495	39.99704547593719	39.97392925971911	39.98924116499577	39.98150190355913	39.977098561962734	39.99422918670169	40.01858954105691	40.0142189526084	40.004152748533556	39.90534545200629	39.86878280314798	39.86753039339037	39.84181114759623	39.78923476498376	39.774645342544346	39.75748216218875	39.75597301120861	39.667137400060305	39.65677131887951	39.637968925571315	39.58481203569666	39.62674508969449	39.596436588374836	39.57176061614338	39.53559486926444	39.49684515457362	39.47885035537351	39.45889855250098	39.48415921718767	39.47424780352674	39.464012105306665	39.42572416926017	39.340700157857086	39.29575214758428	38.590760540686446
	1	2	3	4	5	6	7	8	9	10	12	14	16	18	20	22	24	26	28	30	32	34	36	38	40	42	44	46	48	50	52	54	56	58	60	62	64	66	68	70	72	74	76
BR_EC_ATAC_REP4_T1_2	25.42520163741542	31.127999005627764	33.9915591446542	35.31181967156284	35.53480349740903	38.79977414278605	39.12119259779352	39.155457723821904	39.170744987077015	39.09563053747953	39.114100374608114	39.20218505842135	39.155646897016396	39.18981770188013	39.14917871203906	39.172485990344086	39.137042121362995	39.13112892508144	39.16046428877249	39.15514719237498	39.12619516273661	39.04357069904625	39.00868426320997	38.98761056934329	38.94061039472568	38.96623915886855	38.90195901355271	38.87436598646457	38.849074124188476	38.85172417854414	38.785515264176794	38.75682872886379	38.71164206382215	38.70991322107172	38.686995992881364	38.70234204637026	38.66942850312509	38.6258615201352	38.579671285309075	38.605444062067875	38.60020741026575	38.53657043899638	37.570563910194004
	1	2	3	4	5	6	7	8	9	10	12	14	16	18	20	22	24	26	28	30	32	34	36	38	40	42	44	46	48	50	52	54	56	58	60	62	64	66	68	70	72	74	76
LG_EC_ATAC_REP1_T1_1	25.954722781867737	31.60323355686634	34.72182666989127	36.01221185646853	36.316057756630826	39.77397596307147	40.0269654830625	40.039673297409905	40.05241572910192	40.02769845492092	40.04488092515694	40.03576027712921	40.0318743961745	40.04499309543618	40.07063223846645	40.06411821207017	40.05742471322709	39.96700303279867	39.932256223244906	39.933529432935124	39.90740892396494	39.85142526973731	39.83359137165486	39.81293344325367	39.80474932603307	39.70836784681657	39.70524934500819	39.687594667304495	39.636068542342315	39.681355086992184	39.65599917041607	39.64184996097846	39.6170785481833	39.57983538276322	39.55590731962186	39.53503892840833	39.563599315999355	39.55027670769448	39.52810987197884	39.467387324534386	39.36396606099851	39.309948243428835	38.56707792501508
	1	2	3	4	5	6	7	8	9	10	12	14	16	18	20	22	24	26	28	30	32	34	36	38	40	42	44	46	48	50	52	54	56	58	60	62	64	66	68	70	72	74	76
LG_EC_ATAC_REP1_T1_2	25.598238128400382	31.381026194210865	34.333645104159416	35.754481104629384	35.93459467248589	39.33898480155733	39.5750977498866	39.65899420089459	39.707695483318766	39.64971483402229	39.65871794832297	39.72970768929365	39.68655047543534	39.72586540210664	39.69404437433841	39.722383614232825	39.69162296670363	39.686322577916684	39.71486460655189	39.71286968404251	39.680928741904594	39.60003598971507	39.568514390774645	39.55109926173471	39.50318527183228	39.531638334452	39.47264015648384	39.45624948798679	39.44038831642214	39.44778794187703	39.39237001236114	39.37989760155857	39.34110774662513	39.34672770167579	39.327462295171955	39.34068640088705	39.298644686146574	39.254214150567805	39.20607815873817	39.23364174325218	39.21892774735612	39.14116660451322	38.17233584033674
	1	2	3	4	5	6	7	8	9	10	12	14	16	18	20	22	24	26	28	30	32	34	36	38	40	42	44	46	48	50	52	54	56	58	60	62	64	66	68	70	72	74	76
LG_EC_ATAC_REP2_T1_1	25.77499366516743	31.433392924549512	34.429528069508805	35.698531187284146	36.14483348129942	39.40982447711596	39.812270373818784	39.810467366026295	39.869847654176354	39.83929090942142	39.88403999743001	39.87380927042673	39.86576221154432	39.86714676712316	39.90157484342494	39.89075291444617	39.88693567644494	39.78635502087091	39.744988564182876	39.750288002132535	39.726945404451556	39.66427357924774	39.64216740546674	39.61278870406069	39.59171766731262	39.48130337551821	39.467274398452176	39.430646573159166	39.363741486430285	39.404955082854016	39.37152784754127	39.34611918920325	39.316221944124976	39.27847502640832	39.25543080798903	39.22577061775492	39.253016837517634	39.2329508735666	39.1944291118068	39.1217917651666	38.99087337010076	38.925837767348156	37.95235326426581
	1	2	3	4	5	6	7	8	9	10	12	14	16	18	20	22	24	26	28	30	32	34	36	38	40	42	44	46	48	50	52	54	56	58	60	62	64	66	68	70	72	74	76
LG_EC_ATAC_REP2_T1_2	25.66795972319707	31.50386971242031	34.58162716034718	36.01918631826302	36.12807611042825	39.52731716694365	39.785234861295685	39.80024475305487	39.9131981848414	39.87026112021624	39.876485005821124	39.94093367520454	39.902659437413874	39.938219430357435	39.90807679561317	39.935878559769286	39.904316595024	39.900677313748375	39.93340490240604	39.93215386956891	39.90746097555465	39.83028173979268	39.80143173839802	39.78808820383155	39.74303076421374	39.77457342823476	39.71932564778125	39.69874375283945	39.684492973837195	39.68426675610133	39.627795688751775	39.6188429125643	39.581784657201105	39.589200091142104	39.57440337211068	39.584885542105276	39.54522746630322	39.50918740234184	39.46394348718495	39.493058694146484	39.48272342308667	39.412783670049095	38.513771775136
	1	2	3	4	5	6	7	8	9	10	12	14	16	18	20	22	24	26	28	30	32	34	36	38	40	42	44	46	48	50	52	54	56	58	60	62	64	66	68	70	72	74	76
LG_EC_ATAC_REP3_T1_1	25.920612318308024	31.580148993218774	34.68919701379508	35.96801235830012	36.278490940499196	39.70335265964623	39.97081328067112	39.9859072792622	40.00352123307421	39.979897056024214	39.998880797602226	39.98961306750801	39.986090650728016	39.997233061993654	40.02116127987897	40.013366388574724	40.00506773610539	39.909351073274614	39.87370926319427	39.87351559863467	39.84430571984477	39.78683793619901	39.76901707404673	39.74810629376023	39.73619617209449	39.64156651143308	39.63963583583147	39.62336579980976	39.57594225725351	39.61937091286978	39.589996807768514	39.57410260691128	39.54753808753494	39.50847728911201	39.47958817743482	39.457503658508635	39.48732939025497	39.47634665918427	39.45470530941108	39.389247683264756	39.27029120466115	39.21685201783752	38.46329246014411
	1	2	3	4	5	6	7	8	9	10	12	14	16	18	20	22	24	26	28	30	32	34	36	38	40	42	44	46	48	50	52	54	56	58	60	62	64	66	68	70	72	74	76
LG_EC_ATAC_REP3_T1_2	25.59926419475961	31.305585348343683	34.287294074650184	35.57751656879307	35.94649220970628	39.42407532678171	39.604381372025486	39.63234455129591	39.6056512653163	39.596197281689996	39.579325322698786	39.647554467278184	39.607145702448065	39.633541260689896	39.59042625279646	39.613356623859744	39.58347877474854	39.57423904186942	39.60179231583494	39.60316393920267	39.57924117665708	39.499251503374964	39.47244032716118	39.458529931424664	39.41068433771284	39.441971654466606	39.38532242910426	39.37163613117464	39.3571152177353	39.35990226158484	39.300076398773115	39.28390207136847	39.24163217794042	39.245491401904275	39.22155031765173	39.232028824368115	39.189106760517724	39.14130468943746	39.09259703196582	39.11843688322924	39.10335326350773	39.02544917688874	38.07375965818145
	1	2	3	4	5	6	7	8	9	10	11	12	13	14	15	16	17	18	19	20	21	22	23	24	25	26	27	28	29	30	31	32	33	34	35	36	37	38	39	40	41	42	43	44	45	46	47	48	49	50
LG_EC_ATAC_REP4_T1_1	32.19947077782148	32.5040339698503	32.59528367730157	32.49439593046202	32.608850321656	36.22180772945762	36.58517173960919	36.71373711629888	36.83632033798749	36.83059537801417	36.85173313050698	36.8297810872219	36.84891213089429	36.827534769715555	36.8109351567209	36.80420146757257	36.77284967078034	36.742328372620356	36.72929296667746	36.68891546380544	36.74967337860612	36.73235001036522	36.715639184296734	36.63500650318693	36.65621422509203	36.6080290548089	36.583197335074644	36.60256730514417	36.56363997229852	36.57125360513046	36.45498616374017	36.507041415319826	36.52154914478859	36.522038067370474	36.50471969793933	36.488416031191235	36.48206296172154	36.47616904476338	36.444472065537155	36.45552241488573	36.40549510662475	36.37177088029291	36.290366836887976	36.27269841153143	36.17947669451853	36.18538420155557	36.18058656952657	36.19983337950618	36.17209792219947	35.60115269768079
	1	2	3	4	5	6	7	8	9	10	11	12	13	14	15	16	17	18	19	20	21	22	23	24	25	26	27	28	29	30	31	32	33	34	35	36	37	38	39	40	41	42	43	44	45	46	47	48	49	50
LG_EC_ATAC_REP4_T1_2	32.17228239081123	32.34549265261297	32.38556752559307	32.366819621890585	32.28135924627195	36.34602694043769	36.33034252735588	36.323022181236624	36.42773566060092	36.35184265874521	36.34076982171487	36.35607662275846	36.37087563384629	36.356445170102674	36.35171743786466	36.304692047141536	36.300393391010964	36.27754140880327	36.29584189814637	36.273590511095016	36.28065332800424	36.23272027039356	36.25823865114234	36.24819374484315	36.24354227578347	36.20703599599739	36.21724768709667	36.21052845133142	36.21248426697732	36.21276883710252	36.19705302481181	36.17864569461288	36.16114661612048	36.1494394593733	36.12816325795184	36.123843743278066	36.1081909661176	36.11084747843327	36.099655101620925	36.100520605845716	36.06671760996852	36.04806617354731	36.01358503830341	35.984360826842675	36.01375871561278	35.97046362052846	35.9540404000741	35.92641660141758	35.89367835201802	35.22025353127617
	1	2	3	4	5	6	7	8	9	10	11	12	13	14	15	16	17	18	19	20	21	22	23	24	25	26	27	28	29	30	31	32	33	34	35	36	37	38	39	40	41	42	43	44	45	46	47	48	49	50
LV_EC_ATAC_REP1_T1_1	32.22185411083163	32.50798346820441	32.59043590568758	32.47946992145757	32.61337972571236	36.238562515986544	36.583565524115144	36.72102001274305	36.84763817032	36.839719787558884	36.86233049225582	36.84525135272786	36.8639515832503	36.85186962314645	36.82853651497971	36.796796704974646	36.79255339447634	36.795922476804456	36.77774201531503	36.761436011492115	36.75953011937002	36.750113887900575	36.735150451535496	36.64426344281008	36.67775694823145	36.63486940766232	36.639646111891096	36.629330913892936	36.596613675221995	36.572743871776936	36.45383199188706	36.500631417151126	36.50864703282144	36.50256228013512	36.48608227079035	36.47637368958388	36.471941400346715	36.452063834761155	36.4365919755275	36.41873615074303	36.42210320254171	36.38607641790553	36.3706785412441	36.344252781755564	36.32699450613138	36.30882402678662	36.28679375900195	36.26009528856102	36.2288496722183	35.5981089973937
	1	2	3	4	5	6	7	8	9	10	11	12	13	14	15	16	17	18	19	20	21	22	23	24	25	26	27	28	29	30	31	32	33	34	35	36	37	38	39	40	41	42	43	44	45	46	47	48	49	50
LV_EC_ATAC_REP1_T1_2	32.08337377083606	32.220591726035885	32.27092283098459	32.21562883310868	32.20167218283495	36.23964567168472	36.21619815635988	36.20489497404286	36.270333977450335	36.249126508090484	36.225578752812865	36.21800636606626	36.220811069714834	36.21536774732476	36.19536306439689	36.15355759451022	36.16123964534618	36.16121704601865	36.13645016707227	36.130235941009495	36.14607562057397	36.13557559789714	36.13133158988873	36.112607876525956	36.09818437498615	36.07676335903136	36.08105544873662	36.074952235282744	36.06477519078684	36.05355336914898	36.03171273111261	36.0013722968887	35.998650844946695	35.97330704763904	35.962157550049376	35.96653487548995	35.95260108804757	35.93953766921944	35.93901977571361	35.9200071691639	35.92559444214025	35.89434885679798	35.89400718534614	35.879314506905146	35.86610896651725	35.842503178398566	35.82712799406602	35.77316403946642	35.776494278231574	35.14747956892139
	1	2	3	4	5	6	7	8	9	10	12	14	16	18	20	22	24	26	28	30	32	34	36	38	40	42	44	46	48	50	52	54	56	58	60	62	64	66	68	70	72	74	76
LV_EC_ATAC_REP2_T1_1	31.485944555860865	31.56374139802373	34.66818853784062	35.866379370816986	36.11046295845853	39.66561305420255	39.87798605269265	39.91390477537035	39.95153309784354	39.93447806493394	39.92886934592032	39.95226375755932	39.81331035403821	39.86169936491122	39.910980769993444	39.862329449215395	39.84654563849201	39.72079913480852	39.639472921679875	39.59984429638723	39.58771102084832	39.56938950300017	39.516887376856616	39.49152378854457	39.38209491658709	39.32257525649311	39.25934308222459	39.20404932033554	38.92677921759739	39.0055205636936	38.896114952836754	38.8925700947152	38.699921325248674	38.59648777422666	38.57808666454462	38.43662397738462	38.335242747805275	38.239730634025335	38.08537613473024	37.84279820229955	37.70994449099701	37.57478513697053	32.487433934374664
	1	2	3	4	5	6	7	8	9	10	12	14	16	18	20	22	24	26	28	30	32	34	36	38	40	42	44	46	48	50	52	54	56	58	60	62	64	66	68	70	72	74	76
LV_EC_ATAC_REP2_T1_2	30.691345236821995	30.89221261471959	33.21897824006027	34.64386489685524	35.074267410463136	38.33811558483418	38.591701666120365	38.68193487657071	38.59918554566139	38.541232183621545	38.631064094535546	38.614966592990314	38.5336059437153	38.52231963339534	38.49161157946092	38.3540594902345	38.35342703730649	38.31654683555804	38.18565285680023	38.223532010463	38.16200910195329	38.05991045265799	37.954784428812744	37.87922787964986	37.67137139128773	37.56513624415337	37.39207477903321	37.253469563214225	37.164173690091815	37.02565483794149	36.87971198991914	36.61968379843691	36.419944705387834	36.24318846040484	36.01696050052544	35.812228621757924	35.631573895263216	35.469753706243395	35.25316555945649	34.97918662915495	34.86472825780976	34.667493286014306	28.1295348138204
	1	2	3	4	5	6	7	8	9	10	12	14	16	18	20	22	24	26	28	30	32	34	36	38	40	42	44	46	48	50	52	54	56	58	60	62	64	66	68	70	72	74	76
LV_EC_ATAC_REP3_T1_1	31.4928926800563	31.565631891012032	34.61338596448237	35.84568530542929	36.09342111756039	39.64943713785733	39.85143192061957	39.893725987933415	39.93341788154366	39.915289608391625	39.904295644368474	39.928184530832965	39.786740455009465	39.83451178275989	39.8880823277568	39.84282733870185	39.82838510344679	39.69818517870768	39.618978130367836	39.57782996209094	39.56288043757391	39.547748769625485	39.49529505322475	39.46739599009188	39.35991256712469	39.29628898703613	39.226770821199665	39.174266483292385	38.892665521080936	38.97079907793665	38.86434016981032	38.85980383830524	38.66876770535866	38.564767699987684	38.54784078126306	38.40344478009353	38.29395140133959	38.18788900596884	38.020990167410154	37.75563971586162	37.59411283292117	37.41121863891928	32.07432976017558
	1	2	3	4	5	6	7	8	9	10	12	14	16	18	20	22	24	26	28	30	32	34	36	38	40	42	44	46	48	50	52	54	56	58	60	62	64	66	68	70	72	74	76
LV_EC_ATAC_REP3_T1_2	30.71344313187339	30.8632551307146	33.02806170318543	34.69120176060794	34.92358428464057	38.211546940201835	38.51418036630769	38.59834278346449	38.63019190183456	38.506057561486834	38.604222800423365	38.59989274820064	38.52752581344363	38.52574932753625	38.49717952944154	38.36424567409351	38.35937943001123	38.3189439239254	38.19376875437861	38.239217635888366	38.17502009922218	38.067848293924314	37.949062713265754	37.87216001767053	37.671362426824565	37.55903061829068	37.383409808286146	37.24612471890461	37.1581729731508	37.021784837784594	36.88541180830562	36.63183142769768	36.43094813611815	36.26590940294484	36.03996759283659	35.84138623705971	35.66297889439004	35.49598190113298	35.277648020071354	35.00144231011312	34.87880073354188	34.669469759860036	27.96906193447335

