	15.0	16.0	17.0	18.0	19.0	20.0	21.0	22.0	23.0	24.0	25.0	26.0	27.0	28.0	29.0	30.0	31.0	32.0	33.0	34.0	35.0	36.0	37.0
BR_EC_ATAC_REP1_T1_1	20.0	180.0	378.0	388.0	664.0	1782.0	5664.0	16716.0	43909.0	96797.0	183208.0	306202.0	468231.0	665661.0	901613.0	1174723.0	1511598.0	1935133.0	2517402.0	3446086.0	5271240.0	11326658.0	41289497.0
	2.0	3.0	4.0	5.0	6.0	7.0	8.0	9.0	10.0	11.0	12.0	13.0	14.0	15.0	16.0	17.0	18.0	19.0	20.0	21.0	22.0	23.0	24.0	25.0	26.0	27.0	28.0	29.0	30.0	31.0	32.0	33.0	34.0	35.0	36.0	37.0
BR_EC_ATAC_REP1_T1_2	63723.0	3043.0	1761.0	1420.0	1135.0	880.0	898.0	1079.0	1469.0	1317.0	951.0	747.0	808.0	2863.0	9451.0	22078.0	55553.0	119508.0	201551.0	285631.0	368282.0	449810.0	536223.0	626258.0	729072.0	840849.0	973047.0	1126526.0	1319536.0	1567718.0	1904174.0	2393985.0	3196080.0	4793063.0	10018462.0	39544799.0
	15.0	16.0	17.0	18.0	19.0	20.0	21.0	22.0	23.0	24.0	25.0	26.0	27.0	28.0	29.0	30.0	31.0	32.0	33.0	34.0	35.0	36.0	37.0
BR_EC_ATAC_REP2_T1_1	10.0	148.0	361.0	404.0	616.0	1541.0	4956.0	14659.0	38739.0	85546.0	163913.0	276079.0	423325.0	604506.0	821341.0	1079296.0	1391203.0	1792304.0	2350089.0	3242867.0	5007603.0	10856542.0	37983994.0
	2.0	3.0	4.0	5.0	6.0	7.0	8.0	9.0	10.0	11.0	12.0	13.0	14.0	15.0	16.0	17.0	18.0	19.0	20.0	21.0	22.0	23.0	24.0	25.0	26.0	27.0	28.0	29.0	30.0	31.0	32.0	33.0	34.0	35.0	36.0	37.0
BR_EC_ATAC_REP2_T1_2	53163.0	2570.0	1584.0	1249.0	951.0	832.0	749.0	890.0	1250.0	1096.0	816.0	693.0	596.0	1810.0	5886.0	14788.0	35577.0	77621.0	134369.0	196145.0	257907.0	322430.0	390535.0	467520.0	550751.0	647227.0	760841.0	896362.0	1067236.0	1289863.0	1593459.0	2049399.0	2798786.0	4292719.0	9220459.0	39001913.0
	12.0	13.0	14.0	15.0	16.0	17.0	18.0	19.0	20.0	21.0	22.0	23.0	24.0	25.0	26.0	27.0	28.0	29.0	30.0	31.0	32.0	33.0	34.0	35.0	36.0	37.0	38.0	39.0	40.0
BR_EC_ATAC_REP3_T1_1	4.0	8.0	12.0	18.0	20.0	56.0	155.0	464.0	1172.0	2900.0	6368.0	12414.0	23007.0	40497.0	67990.0	107753.0	161254.0	228988.0	311871.0	407260.0	517877.0	644027.0	791856.0	976425.0	1224784.0	1620070.0	2456585.0	5781902.0	27865116.0
	12.0	13.0	14.0	15.0	16.0	17.0	18.0	19.0	20.0	21.0	22.0	23.0	24.0	25.0	26.0	27.0	28.0	29.0	30.0	31.0	32.0	33.0	34.0	35.0	36.0	37.0	38.0	39.0	40.0
BR_EC_ATAC_REP3_T1_2	151.0	4205.0	13647.0	22343.0	44123.0	82238.0	116733.0	140876.0	152012.0	159920.0	170782.0	183642.0	198706.0	217752.0	236706.0	261152.0	289070.0	323295.0	363715.0	416278.0	480280.0	563616.0	676420.0	840666.0	1088485.0	1517521.0	2466498.0	6177160.0	26042861.0
	12.0	13.0	14.0	15.0	16.0	17.0	18.0	19.0	20.0	21.0	22.0	23.0	24.0	25.0	26.0	27.0	28.0	29.0	30.0	31.0	32.0	33.0	34.0	35.0	36.0	37.0	38.0	39.0	40.0
BR_EC_ATAC_REP4_T1_1	3.0	8.0	11.0	13.0	23.0	52.0	123.0	324.0	1007.0	2502.0	5642.0	11647.0	21104.0	38370.0	64588.0	102411.0	153598.0	216443.0	293248.0	381665.0	483871.0	598316.0	732181.0	900870.0	1126487.0	1489621.0	2252681.0	5304228.0	26318887.0
	12.0	13.0	14.0	15.0	16.0	17.0	18.0	19.0	20.0	21.0	22.0	23.0	24.0	25.0	26.0	27.0	28.0	29.0	30.0	31.0	32.0	33.0	34.0	35.0	36.0	37.0	38.0	39.0	40.0
BR_EC_ATAC_REP4_T1_2	108.0	2788.0	10389.0	19261.0	42285.0	81850.0	117285.0	139788.0	150656.0	156659.0	165529.0	178810.0	191362.0	208546.0	226734.0	250122.0	275325.0	306906.0	345478.0	392280.0	451749.0	529505.0	633364.0	786489.0	1016554.0	1418118.0	2318743.0	5852586.0	24230655.0
	12.0	13.0	14.0	15.0	16.0	17.0	18.0	19.0	20.0	21.0	22.0	23.0	24.0	25.0	26.0	27.0	28.0	29.0	30.0	31.0	32.0	33.0	34.0	35.0	36.0	37.0	38.0	39.0	40.0
LG_EC_ATAC_REP1_T1_1	4.0	16.0	14.0	22.0	28.0	56.0	94.0	304.0	873.0	2217.0	4792.0	9447.0	17755.0	31186.0	51894.0	83191.0	123896.0	176977.0	239773.0	314689.0	399660.0	497133.0	613228.0	757500.0	952005.0	1272313.0	1953675.0	4756031.0	23445872.0
	12.0	13.0	14.0	15.0	16.0	17.0	18.0	19.0	20.0	21.0	22.0	23.0	24.0	25.0	26.0	27.0	28.0	29.0	30.0	31.0	32.0	33.0	34.0	35.0	36.0	37.0	38.0	39.0	40.0
LG_EC_ATAC_REP1_T1_2	82.0	2509.0	7209.0	9853.0	20326.0	40652.0	59883.0	72115.0	77614.0	82112.0	88727.0	95467.0	104720.0	114768.0	128676.0	143591.0	161870.0	184852.0	213801.0	250146.0	295545.0	356852.0	440718.0	562382.0	750036.0	1082106.0	1845569.0	4941755.0	23570709.0
	12.0	13.0	14.0	15.0	16.0	17.0	18.0	19.0	20.0	21.0	22.0	23.0	24.0	25.0	26.0	27.0	28.0	29.0	30.0	31.0	32.0	33.0	34.0	35.0	36.0	37.0	38.0	39.0	40.0
LG_EC_ATAC_REP2_T1_1	1.0	6.0	9.0	18.0	28.0	49.0	136.0	323.0	912.0	2113.0	4388.0	8215.0	15216.0	27084.0	45340.0	72176.0	108712.0	154449.0	211039.0	277235.0	355140.0	443811.0	549928.0	683344.0	866752.0	1175238.0	1843513.0	4788498.0	15541473.0
	12.0	13.0	14.0	15.0	16.0	17.0	18.0	19.0	20.0	21.0	22.0	23.0	24.0	25.0	26.0	27.0	28.0	29.0	30.0	31.0	32.0	33.0	34.0	35.0	36.0	37.0	38.0	39.0	40.0
LG_EC_ATAC_REP2_T1_2	70.0	2242.0	6480.0	10609.0	26617.0	53388.0	71896.0	75018.0	68669.0	61796.0	59231.0	58613.0	59963.0	62402.0	66097.0	70933.0	78884.0	87460.0	101240.0	117385.0	141928.0	176069.0	226075.0	303263.0	431254.0	669125.0	1251366.0	3745039.0	19092034.0
	12.0	13.0	14.0	15.0	16.0	17.0	18.0	19.0	20.0	21.0	22.0	23.0	24.0	25.0	26.0	27.0	28.0	29.0	30.0	31.0	32.0	33.0	34.0	35.0	36.0	37.0	38.0	39.0	40.0
LG_EC_ATAC_REP3_T1_1	3.0	6.0	8.0	18.0	12.0	44.0	118.0	307.0	826.0	2237.0	4813.0	9382.0	16864.0	28900.0	47363.0	74136.0	109270.0	154148.0	207433.0	270518.0	342419.0	423320.0	522604.0	645855.0	814202.0	1085068.0	1662368.0	3994477.0	18729037.0
	12.0	13.0	14.0	15.0	16.0	17.0	18.0	19.0	20.0	21.0	22.0	23.0	24.0	25.0	26.0	27.0	28.0	29.0	30.0	31.0	32.0	33.0	34.0	35.0	36.0	37.0	38.0	39.0	40.0
LG_EC_ATAC_REP3_T1_2	75.0	2018.0	5877.0	8170.0	18234.0	38577.0	57663.0	70101.0	75424.0	79397.0	84468.0	90319.0	97648.0	105511.0	115774.0	128071.0	143077.0	161691.0	182932.0	212956.0	249767.0	298498.0	367464.0	465001.0	617207.0	882618.0	1486632.0	3952542.0	19148044.0
	15.0	16.0	17.0	18.0	19.0	20.0	21.0	22.0	23.0	24.0	25.0	26.0	27.0	28.0	29.0	30.0	31.0	32.0	33.0	34.0	35.0	36.0	37.0
LG_EC_ATAC_REP4_T1_1	14.0	133.0	388.0	475.0	648.0	1746.0	5230.0	16162.0	42300.0	94941.0	182044.0	306743.0	469945.0	669186.0	906653.0	1188062.0	1529042.0	1964580.0	2575302.0	3539414.0	5462022.0	11828265.0	41033801.0
	2.0	3.0	4.0	5.0	6.0	7.0	8.0	9.0	10.0	11.0	12.0	13.0	14.0	15.0	16.0	17.0	18.0	19.0	20.0	21.0	22.0	23.0	24.0	25.0	26.0	27.0	28.0	29.0	30.0	31.0	32.0	33.0	34.0	35.0	36.0	37.0
LG_EC_ATAC_REP4_T1_2	56707.0	2760.0	1594.0	1318.0	1040.0	859.0	762.0	977.0	1258.0	1190.0	916.0	722.0	714.0	3091.0	14708.0	32075.0	55593.0	95851.0	152274.0	213533.0	275661.0	341830.0	411080.0	489271.0	575534.0	679026.0	799354.0	943112.0	1124435.0	1365593.0	1692034.0	2186487.0	2989534.0	4603237.0	9919079.0	42783887.0
	15.0	16.0	17.0	18.0	19.0	20.0	21.0	22.0	23.0	24.0	25.0	26.0	27.0	28.0	29.0	30.0	31.0	32.0	33.0	34.0	35.0	36.0	37.0
LV_EC_ATAC_REP1_T1_1	10.0	159.0	376.0	368.0	567.0	1449.0	4780.0	14131.0	37947.0	85240.0	163103.0	274661.0	420704.0	599343.0	809157.0	1058517.0	1358624.0	1745355.0	2276248.0	3119026.0	4781813.0	10307614.0	37456002.0
	2.0	3.0	4.0	5.0	6.0	7.0	8.0	9.0	10.0	11.0	12.0	13.0	14.0	15.0	16.0	17.0	18.0	19.0	20.0	21.0	22.0	23.0	24.0	25.0	26.0	27.0	28.0	29.0	30.0	31.0	32.0	33.0	34.0	35.0	36.0	37.0
LV_EC_ATAC_REP1_T1_2	54961.0	2677.0	1587.0	1255.0	910.0	823.0	759.0	898.0	1324.0	1105.0	829.0	659.0	642.0	1584.0	6039.0	16000.0	40219.0	89159.0	155332.0	225148.0	293744.0	361101.0	432624.0	510153.0	594784.0	690565.0	799842.0	934109.0	1099279.0	1313207.0	1608354.0	2043186.0	2755296.0	4177817.0	8861037.0	37438186.0
	12.0	13.0	14.0	15.0	16.0	17.0	18.0	19.0	20.0	21.0	22.0	23.0	24.0	25.0	26.0	27.0	28.0	29.0	30.0	31.0	32.0	33.0	34.0	35.0	36.0	37.0	38.0	39.0	40.0
LV_EC_ATAC_REP2_T1_1	12.0	20.0	26.0	45.0	69.0	187.0	476.0	1082.0	2508.0	5130.0	9460.0	16368.0	26806.0	41344.0	60181.0	83611.0	111145.0	143348.0	178786.0	217931.0	260722.0	311377.0	370767.0	448655.0	558160.0	741726.0	1153759.0	2771899.0	8949657.0
	11.0	12.0	13.0	14.0	15.0	16.0	17.0	18.0	19.0	20.0	21.0	22.0	23.0	24.0	25.0	26.0	27.0	28.0	29.0	30.0	31.0	32.0	33.0	34.0	35.0	36.0	37.0	38.0	39.0	40.0
LV_EC_ATAC_REP2_T1_2	63.0	2495.0	14884.0	32000.0	47079.0	63255.0	76486.0	84501.0	89827.0	95137.0	102773.0	112800.0	123626.0	136156.0	149402.0	165426.0	183135.0	203310.0	226721.0	254106.0	286427.0	326606.0	376612.0	444451.0	535613.0	679183.0	928217.0	1479802.0	3415176.0	5829988.0
	12.0	13.0	14.0	15.0	16.0	17.0	18.0	19.0	20.0	21.0	22.0	23.0	24.0	25.0	26.0	27.0	28.0	29.0	30.0	31.0	32.0	33.0	34.0	35.0	36.0	37.0	38.0	39.0	40.0
LV_EC_ATAC_REP3_T1_1	6.0	19.0	38.0	30.0	72.0	160.0	353.0	881.0	1929.0	4148.0	7931.0	14256.0	23456.0	36780.0	54907.0	77167.0	103723.0	134187.0	167906.0	205009.0	245161.0	291587.0	347691.0	417856.0	519221.0	685833.0	1058615.0	2514442.0	7981491.0
	11.0	12.0	13.0	14.0	15.0	16.0	17.0	18.0	19.0	20.0	21.0	22.0	23.0	24.0	25.0	26.0	27.0	28.0	29.0	30.0	31.0	32.0	33.0	34.0	35.0	36.0	37.0	38.0	39.0	40.0
LV_EC_ATAC_REP3_T1_2	68.0	2092.0	12298.0	25378.0	37460.0	51061.0	63369.0	70678.0	76754.0	83183.0	91499.0	101202.0	111466.0	123221.0	136799.0	152201.0	168901.0	188277.0	210195.0	236797.0	267196.0	304080.0	351271.0	412953.0	499237.0	631378.0	864765.0	1377797.0	3177185.0	5066094.0

