	1	2	3	4	5	6	7	8	9	10	11	12	13	14	15	16	17	18	19	20	21	22	23	24	25	26	27	28	29	30	31	32	33	34	35	36	37	38	39	40	41	42	43	44	45	46	47	48	49	50
BR_EC_ATAC_REP1_R1	35.0182	22.97079	25.480738	25.378536	16.634338	25.339105	25.513028	23.46988	32.55448	19.920708	29.246112	23.202024	28.682094	27.231958	25.509933	24.487342	24.100362	23.912915	24.109545	23.973639	24.412423	24.213425	24.608604	24.249502	24.586492	24.32054	24.427781	24.16306	24.189605	24.147163	24.331059	24.134993	24.300427	24.051026	24.264925	24.066285	24.129177	23.879311	23.946414	23.898153	24.018244	24.006704	24.16542	24.031957	24.039119	23.881418	23.685692	23.0923	21.924112	16.2227
	1	2	3	4	5	6	7	8	9	10	11	12	13	14	15	16	17	18	19	20	21	22	23	24	25	26	27	28	29	30	31	32	33	34	35	36	37	38	39	40	41	42	43	44	45	46	47	48	49	50
BR_EC_ATAC_REP1_R2	35.042481	22.924099	25.377791	25.354681	16.421608	25.343133	25.438823	23.476025	32.397287	20.003179	29.124325	23.225394	28.573636	27.138037	25.447346	24.448128	24.05747	23.860237	24.064171	23.922183	24.372762	24.166005	24.557861	24.233946	24.559082	24.282721	24.416691	24.147887	24.177901	24.135288	24.309808	24.124164	24.276577	24.016017	24.249108	24.051979	24.108388	23.878819	23.92997	23.882909	23.993888	23.995921	24.134155	24.004482	23.9986	23.846233	23.609947	23.02262	21.765087	16.12103
	1	2	3	4	5	6	7	8	9	10	11	12	13	14	15	16	17	18	19	20	21	22	23	24	25	26	27	28	29	30	31	32	33	34	35	36	37	38	39	40	41	42	43	44	45	46	47	48	49	50
BR_EC_ATAC_REP2_R1	34.15263	21.071176	24.146118	23.55932	14.881271	23.55914	24.1612	21.657055	31.42426	18.1719	27.844988	21.35421	27.244511	25.559487	23.839088	22.639152	22.401815	22.059088	22.419996	22.180729	22.689871	22.347718	22.871989	22.398641	22.78609	22.433031	22.610625	22.317205	22.371366	22.269754	22.500062	22.217181	22.483209	22.171542	22.455695	22.199847	22.366399	22.038755	22.139137	22.043407	22.176251	22.094413	22.253995	22.106262	22.172492	21.987089	21.802545	21.202545	19.889006	14.407336
	1	2	3	4	5	6	7	8	9	10	11	12	13	14	15	16	17	18	19	20	21	22	23	24	25	26	27	28	29	30	31	32	33	34	35	36	37	38	39	40	41	42	43	44	45	46	47	48	49	50
BR_EC_ATAC_REP2_R2	34.118733	20.985079	24.02459	23.523897	14.618581	23.542118	24.067264	21.645838	31.213378	18.234657	27.702923	21.35382	27.123034	25.457679	23.760497	22.601407	22.342052	22.01076	22.341966	22.112275	22.614714	22.314448	22.805581	22.382833	22.720694	22.385925	22.572686	22.282561	22.350433	22.252123	22.466828	22.196946	22.45718	22.145658	22.434357	22.189841	22.348876	22.034719	22.127108	22.039913	22.15577	22.076808	22.230208	22.093117	22.125036	21.976384	21.777142	21.166846	19.785495	14.317952
	1	2	3	4	5	6	7	8	9	10	11	12	13	14	15	16	17	18	19	20	21	22	23	24	25	26	27	28	29	30	31	32	33	34	35	36	37	38	39	40	41	42	43	44	45	46	47	48	49	50	51	52	53	54	55	56	57	58	59	60	61	62	63	64	65	66	67	68	69	70	71	72	73	74	75	76
BR_EC_ATAC_REP3_R1	30.103729	21.985657	24.903041	24.443585	15.527966	24.390922	24.863075	22.599907	31.895732	19.039434	28.65447	22.340058	27.983333	26.413187	24.78958	23.640266	23.351855	23.023179	23.385122	23.179235	23.726326	23.380718	23.901604	23.448363	23.871595	23.48845	23.670196	23.358822	23.41758	23.318572	23.566847	23.277178	23.525714	23.238603	23.512614	23.244464	23.390525	23.07032	23.187824	23.080073	23.216486	23.096454	23.295111	23.154461	23.220049	23.069287	23.027873	22.832341	23.022634	22.822761	22.892184	22.823754	22.985089	22.873342	22.962156	22.821404	22.886802	22.672413	22.78576	22.700779	22.779973	22.669532	22.746618	22.726624	22.733416	22.652	22.656431	22.510807	22.648056	22.568874	22.574243	22.522387	22.49931	22.13979	20.822097	15.149986
	1	2	3	4	5	6	7	8	9	10	11	12	13	14	15	16	17	18	19	20	21	22	23	24	25	26	27	28	29	30	31	32	33	34	35	36	37	38	39	40	41	42	43	44	45	46	47	48	49	50	51	52	53	54	55	56	57	58	59	60	61	62	63	64	65	66	67	68	69	70	71	72	73	74	75	76
BR_EC_ATAC_REP3_R2	30.085393	22.023359	24.827093	24.407509	15.545067	24.381849	24.811305	22.63816	31.792875	19.125719	28.560462	22.355055	27.861118	26.349658	24.743603	23.614592	23.349104	23.00705	23.358279	23.162852	23.720264	23.386214	23.868412	23.428401	23.816834	23.446957	23.655179	23.347774	23.416243	23.310523	23.512408	23.273064	23.518907	23.223316	23.526452	23.258878	23.396815	23.05524	23.189577	23.096547	23.210367	23.123439	23.31598	23.180349	23.250618	23.069795	23.050177	22.85083	23.002649	22.836397	22.958754	22.889624	23.050962	22.903727	22.984716	22.870418	22.927704	22.678599	22.792739	22.737349	22.828311	22.69463	22.801189	22.737798	22.757579	22.65642	22.691151	22.533514	22.681701	22.590811	22.571477	22.53846	22.475112	22.124851	20.771015	15.120115
	1	2	3	4	5	6	7	8	9	10	11	12	13	14	15	16	17	18	19	20	21	22	23	24	25	26	27	28	29	30	31	32	33	34	35	36	37	38	39	40	41	42	43	44	45	46	47	48	49	50	51	52	53	54	55	56	57	58	59	60	61	62	63	64	65	66	67	68	69	70	71	72	73	74	75	76
BR_EC_ATAC_REP4_R1	30.226096	23.190622	25.765364	25.638983	16.573216	25.578494	25.746644	23.743251	32.571061	20.166704	29.457307	23.504286	28.823504	27.411406	25.733897	24.721219	24.344394	24.112302	24.353266	24.251552	24.699257	24.460031	24.884348	24.500838	24.881507	24.581067	24.763652	24.46014	24.544103	24.437056	24.610473	24.380772	24.609945	24.323749	24.545501	24.34769	24.4265	24.175544	24.269892	24.198051	24.340969	24.259672	24.422882	24.301521	24.326492	24.156226	24.119103	23.936218	24.070421	23.959789	24.074064	23.986812	24.130162	24.019332	24.064914	23.93442	23.973976	23.780944	23.871975	23.815575	23.915553	23.803004	23.862479	23.860202	23.85353	23.748034	23.709612	23.630842	23.754836	23.702439	23.666571	23.670637	23.605592	23.26995	22.029293	16.223505
	1	2	3	4	5	6	7	8	9	10	11	12	13	14	15	16	17	18	19	20	21	22	23	24	25	26	27	28	29	30	31	32	33	34	35	36	37	38	39	40	41	42	43	44	45	46	47	48	49	50	51	52	53	54	55	56	57	58	59	60	61	62	63	64	65	66	67	68	69	70	71	72	73	74	75	76
BR_EC_ATAC_REP4_R2	30.279995	23.257993	25.691623	25.584296	16.622574	25.547011	25.683637	23.768341	32.457428	20.267954	29.382982	23.52238	28.769734	27.342305	25.716404	24.716921	24.348253	24.101399	24.333385	24.251398	24.716669	24.45394	24.867676	24.498052	24.831488	24.596257	24.73922	24.492786	24.499183	24.461548	24.636084	24.396719	24.6057	24.354939	24.56951	24.337178	24.427641	24.161711	24.281756	24.238497	24.363661	24.332894	24.45897	24.301076	24.361654	24.206318	24.126635	23.963161	24.117378	23.997801	24.109014	24.068935	24.173024	24.055437	24.092774	23.989444	24.03185	23.83518	23.903679	23.859823	23.941916	23.846598	23.944806	23.894621	23.898295	23.778475	23.791737	23.661771	23.782715	23.675848	23.708584	23.713283	23.609804	23.268311	21.977536	16.209752
	1	2	3	4	5	6	7	8	9	10	11	12	13	14	15	16	17	18	19	20	21	22	23	24	25	26	27	28	29	30	31	32	33	34	35	36	37	38	39	40	41	42	43	44	45	46	47	48	49	50	51	52	53	54	55	56	57	58	59	60	61	62	63	64	65	66	67	68	69	70	71	72	73	74	75	76
LG_EC_ATAC_REP1_R1	30.084141	21.505394	24.412433	23.710015	15.333487	23.587561	24.191565	22.280026	30.771469	18.784962	28.028408	22.119895	27.203022	25.888716	24.320014	23.268193	22.961837	22.618452	22.91698	22.798937	23.307166	23.077294	23.567348	23.125143	23.476217	23.063008	23.182259	22.899583	22.97793	22.866536	23.084729	22.857684	23.063415	22.782862	23.044982	22.804596	22.927603	22.609503	22.674359	22.592899	22.740914	22.637992	22.842972	22.675624	22.72606	22.57237	22.490456	22.27843	22.425928	22.250004	22.340215	22.268431	22.477563	22.33127	22.39424	22.257194	22.32082	22.032051	22.192619	22.072011	22.128968	22.049821	22.138983	22.136644	22.141248	22.069434	22.042073	21.87727	21.996137	21.954933	21.87936	21.859885	21.896264	21.518382	20.201359	14.570262
	1	2	3	4	5	6	7	8	9	10	11	12	13	14	15	16	17	18	19	20	21	22	23	24	25	26	27	28	29	30	31	32	33	34	35	36	37	38	39	40	41	42	43	44	45	46	47	48	49	50	51	52	53	54	55	56	57	58	59	60	61	62	63	64	65	66	67	68	69	70	71	72	73	74	75	76
LG_EC_ATAC_REP1_R2	30.088369	21.491684	24.335062	23.646234	15.367304	23.57941	24.169851	22.288333	30.603073	18.801687	27.984488	22.105727	27.172149	25.83315	24.28521	23.228634	22.978175	22.613605	22.88677	22.744752	23.291128	23.045335	23.54815	23.126043	23.432976	23.034835	23.183898	22.884613	22.9777	22.86966	23.086704	22.862074	23.05449	22.786452	23.089055	22.821894	22.924165	22.584037	22.688937	22.609027	22.740478	22.689849	22.872316	22.710653	22.746096	22.601283	22.511987	22.287503	22.417828	22.263399	22.368084	22.343867	22.482478	22.363187	22.405145	22.316994	22.343377	22.065302	22.168987	22.069712	22.160691	22.056858	22.146253	22.169574	22.168102	22.061206	22.090252	21.89719	22.011368	21.940955	21.928229	21.900653	21.897829	21.549813	20.189365	14.531874
	1	2	3	4	5	6	7	8	9	10	11	12	13	14	15	16	17	18	19	20	21	22	23	24	25	26	27	28	29	30	31	32	33	34	35	36	37	38	39	40	41	42	43	44	45	46	47	48	49	50	51	52	53	54	55	56	57	58	59	60	61	62	63	64	65	66	67	68	69	70	71	72	73	74	75	76
LG_EC_ATAC_REP2_R1	30.100265	21.897475	24.720714	24.166891	15.660543	24.059569	24.579031	22.646675	31.155324	19.129688	28.411845	22.514817	27.627778	26.29954	24.709276	23.646656	23.368646	23.029887	23.296926	23.201243	23.707753	23.50694	23.955853	23.558826	23.817677	23.459038	23.589534	23.302768	23.386719	23.286706	23.533929	23.276343	23.465393	23.195656	23.441186	23.209395	23.309213	22.963501	23.065626	23.002358	23.122516	23.075831	23.250635	23.111528	23.154488	22.974368	22.85213	22.685563	22.814761	22.645107	22.762096	22.70615	22.8576	22.786388	22.797346	22.654523	22.673879	22.434845	22.504619	22.456022	22.542314	22.442503	22.580322	22.516164	22.536334	22.457738	22.408815	22.249558	22.371966	22.273696	22.286079	22.277971	22.257784	21.918042	20.589158	14.925007
	1	2	3	4	5	6	7	8	9	10	11	12	13	14	15	16	17	18	19	20	21	22	23	24	25	26	27	28	29	30	31	32	33	34	35	36	37	38	39	40	41	42	43	44	45	46	47	48	49	50	51	52	53	54	55	56	57	58	59	60	61	62	63	64	65	66	67	68	69	70	71	72	73	74	75	76
LG_EC_ATAC_REP2_R2	30.127924	21.897724	24.664222	24.112853	15.679389	24.036417	24.525929	22.669618	31.02802	19.130385	28.352918	22.504391	27.575162	26.235831	24.646407	23.621851	23.342706	23.016702	23.262756	23.172477	23.69947	23.473119	23.932665	23.534608	23.8306	23.437587	23.55099	23.28533	23.354903	23.301963	23.514262	23.278955	23.492711	23.189981	23.439061	23.217577	23.28546	22.947706	23.04864	23.02337	23.14666	23.092091	23.254826	23.092576	23.159427	22.99309	22.862228	22.686557	22.82291	22.653162	22.749805	22.758856	22.900772	22.807624	22.802541	22.697193	22.669782	22.459469	22.559208	22.433384	22.542519	22.481647	22.584097	22.546441	22.570945	22.473812	22.447876	22.278274	22.350087	22.261963	22.265639	22.267442	22.265064	21.932751	20.598742	14.879933
	1	2	3	4	5	6	7	8	9	10	11	12	13	14	15	16	17	18	19	20	21	22	23	24	25	26	27	28	29	30	31	32	33	34	35	36	37	38	39	40	41	42	43	44	45	46	47	48	49	50	51	52	53	54	55	56	57	58	59	60	61	62	63	64	65	66	67	68	69	70	71	72	73	74	75	76
LG_EC_ATAC_REP3_R1	30.173473	21.675441	24.517648	23.57699	15.573852	23.363457	24.11057	22.5225	30.693789	18.646153	28.0329	22.252123	26.983653	25.823694	24.396266	23.372413	23.12698	22.742259	23.032802	22.78216	23.359438	23.156769	23.663586	23.282614	23.628226	23.178458	23.289048	22.961793	23.049028	22.918701	23.182821	22.950076	23.130516	22.88084	23.172466	22.954091	23.043615	22.667931	22.748676	22.620713	22.778391	22.703538	22.91643	22.756355	22.832768	22.711059	22.614113	22.31752	22.469078	22.213125	22.337824	22.268836	22.444351	22.372568	22.419879	22.3758	22.383251	22.039878	22.166292	22.011243	22.087644	21.997283	22.134545	22.113296	22.131235	22.023242	22.01087	21.817412	21.991242	21.901481	21.848732	21.858199	21.810131	21.491091	20.137874	14.558019
	1	2	3	4	5	6	7	8	9	10	11	12	13	14	15	16	17	18	19	20	21	22	23	24	25	26	27	28	29	30	31	32	33	34	35	36	37	38	39	40	41	42	43	44	45	46	47	48	49	50	51	52	53	54	55	56	57	58	59	60	61	62	63	64	65	66	67	68	69	70	71	72	73	74	75	76
LG_EC_ATAC_REP3_R2	30.15201	21.66432	24.423237	23.54765	15.628901	23.369089	24.058955	22.519128	30.541933	18.681262	27.967782	22.25112	26.933376	25.800443	24.340132	23.316279	23.078328	22.724633	22.980347	22.774664	23.357958	23.166614	23.654649	23.263664	23.595205	23.181154	23.266085	22.948355	23.018869	22.920931	23.14747	22.932266	23.151506	22.884019	23.192559	22.945329	23.036563	22.694455	22.75446	22.631645	22.773757	22.725381	22.935885	22.773697	22.843176	22.71149	22.587789	22.309303	22.438988	22.207102	22.357711	22.348632	22.475234	22.375881	22.424778	22.421041	22.374455	22.050487	22.183135	22.005526	22.114019	21.993365	22.154184	22.107526	22.118439	22.064256	22.068307	21.832878	22.010348	21.936276	21.840654	21.840681	21.80689	21.473827	20.159821	14.520109
	1	2	3	4	5	6	7	8	9	10	11	12	13	14	15	16	17	18	19	20	21	22	23	24	25	26	27	28	29	30	31	32	33	34	35	36	37	38	39	40	41	42	43	44	45	46	47	48	49	50
LG_EC_ATAC_REP4_R1	34.885952	21.824898	24.591156	24.167673	15.421388	24.143035	24.616942	22.3554	32.234256	18.470786	28.511064	21.987242	27.871016	26.168146	24.596791	23.392972	23.15872	22.8412	23.199569	22.997603	23.540787	23.176064	23.665802	23.163302	23.549129	23.183411	23.358174	23.077766	23.184753	23.083345	23.344599	23.060693	23.329807	22.992876	23.264819	23.011048	23.133058	22.788532	22.905099	22.831028	22.980117	22.907645	23.09343	22.919275	22.977914	22.799361	22.60044	21.995968	20.749932	15.16138
	1	2	3	4	5	6	7	8	9	10	11	12	13	14	15	16	17	18	19	20	21	22	23	24	25	26	27	28	29	30	31	32	33	34	35	36	37	38	39	40	41	42	43	44	45	46	47	48	49	50
LG_EC_ATAC_REP4_R2	34.856524	21.755391	24.544379	24.187141	15.221946	24.158431	24.57468	22.347325	32.085436	18.539154	28.424406	22.013329	27.79114	26.113099	24.548308	23.352663	23.109439	22.808125	23.159411	22.967107	23.493347	23.154406	23.636084	23.15927	23.51509	23.145951	23.333682	23.044405	23.143323	23.055728	23.293987	23.030406	23.301123	22.965195	23.217112	22.97261	23.110719	22.771086	22.88886	22.790229	22.971227	22.880741	23.074956	22.888155	22.942081	22.765794	22.557935	21.959043	20.662921	15.055018
	1	2	3	4	5	6	7	8	9	10	11	12	13	14	15	16	17	18	19	20	21	22	23	24	25	26	27	28	29	30	31	32	33	34	35	36	37	38	39	40	41	42	43	44	45	46	47	48	49	50
LV_EC_ATAC_REP1_R1	34.257126	21.254084	24.300754	23.750792	14.978245	23.727461	24.302037	21.858288	31.564781	18.26131	27.98225	21.496436	27.367684	25.657882	23.955156	22.782286	22.544063	22.20342	22.533678	22.319175	22.806975	22.48716	23.011766	22.561144	22.929478	22.592142	22.756182	22.4684	22.505618	22.424296	22.630481	22.362844	22.619419	22.319485	22.619056	22.36162	22.528842	22.187774	22.287378	22.183436	22.296985	22.225464	22.372447	22.250993	22.308312	22.134405	21.954601	21.361541	20.020766	14.499571
	1	2	3	4	5	6	7	8	9	10	11	12	13	14	15	16	17	18	19	20	21	22	23	24	25	26	27	28	29	30	31	32	33	34	35	36	37	38	39	40	41	42	43	44	45	46	47	48	49	50
LV_EC_ATAC_REP1_R2	34.231677	21.180076	24.187353	23.707267	14.741011	23.73111	24.220237	21.845473	31.401343	18.305693	27.827117	21.487267	27.271466	25.588983	23.900792	22.723316	22.466263	22.172637	22.489766	22.274356	22.749849	22.463742	22.971433	22.524586	22.898506	22.552259	22.727803	22.42612	22.474407	22.396472	22.602414	22.346495	22.606848	22.299258	22.583353	22.347919	22.499434	22.1728	22.254701	22.174472	22.294743	22.208178	22.357211	22.222254	22.288247	22.113848	21.915105	21.295771	19.947342	14.447307
	1	2	3	4	5	6	7	8	9	10	11	12	13	14	15	16	17	18	19	20	21	22	23	24	25	26	27	28	29	30	31	32	33	34	35	36	37	38	39	40	41	42	43	44	45	46	47	48	49	50	51	52	53	54	55	56	57	58	59	60	61	62	63	64	65	66	67	68	69	70	71	72	73	74	75	76
LV_EC_ATAC_REP2_R1	34.719853	21.480698	24.609203	24.006601	15.169546	24.047781	24.604745	22.0867	31.507692	18.627263	28.21681	21.858525	27.6749	25.956148	24.318062	23.127013	22.91913	22.484686	22.885662	22.675518	23.25183	22.896532	23.437568	22.950544	23.338439	22.941835	23.16483	22.810371	22.929751	22.814261	23.009538	22.698956	23.070393	22.719671	22.997686	22.712455	22.930168	22.572943	22.668599	22.631131	22.73981	22.586841	22.795608	22.639536	22.705187	22.545653	22.545704	22.334995	22.511205	22.35111	22.431568	22.353984	22.511711	22.33834	22.422347	22.316602	22.384768	22.120063	22.276948	22.193566	22.259368	22.147933	22.234256	22.240276	22.189975	22.128206	22.112861	21.996428	22.044109	22.000955	22.048623	21.913207	21.844179	21.449256	19.927916	14.243241
	1	2	3	4	5	6	7	8	9	10	11	12	13	14	15	16	17	18	19	20	21	22	23	24	25	26	27	28	29	30	31	32	33	34	35	36	37	38	39	40	41	42	43	44	45	46	47	48	49	50	51	52	53	54	55	56	57	58	59	60	61	62	63	64	65	66	67	68	69	70	71	72	73	74	75	76
LV_EC_ATAC_REP2_R2	34.496823	21.534842	24.533709	24.015795	15.207881	24.042093	24.549623	22.096872	31.380674	18.712268	28.18747	21.899943	27.56951	25.887321	24.292981	23.108586	22.872169	22.463719	22.879075	22.714277	23.216905	22.859296	23.420802	22.9252	23.30168	22.954585	23.14084	22.837904	22.942092	22.799299	23.007411	22.708226	23.027477	22.651943	22.946444	22.743176	22.917049	22.572432	22.711124	22.63564	22.746074	22.62864	22.800898	22.643474	22.696581	22.536219	22.556627	22.340401	22.53486	22.384452	22.473162	22.372004	22.513878	22.3849	22.434968	22.307313	22.353615	22.153345	22.26216	22.154551	22.277325	22.212803	22.201032	22.172255	22.191632	22.067474	22.072995	21.909066	22.035239	21.916745	21.877929	21.805145	21.689493	21.238169	19.494853	13.946692
	1	2	3	4	5	6	7	8	9	10	11	12	13	14	15	16	17	18	19	20	21	22	23	24	25	26	27	28	29	30	31	32	33	34	35	36	37	38	39	40	41	42	43	44	45	46	47	48	49	50	51	52	53	54	55	56	57	58	59	60	61	62	63	64	65	66	67	68	69	70	71	72	73	74	75	76
LV_EC_ATAC_REP3_R1	34.667243	21.686164	24.616093	24.194896	15.517366	24.307653	24.702779	22.308952	31.405887	18.974195	28.271736	22.132043	27.728677	26.127669	24.478346	23.294597	23.079785	22.645513	22.978619	22.819306	23.299373	23.024756	23.55911	23.111986	23.504829	23.144963	23.30241	23.003735	23.058107	22.952449	23.138847	22.860769	23.146293	22.86248	23.137113	22.903992	23.092997	22.741045	22.860432	22.770748	22.897204	22.745092	22.953377	22.801753	22.868802	22.717872	22.679733	22.48227	22.647076	22.504825	22.621212	22.543096	22.643184	22.512899	22.597688	22.504365	22.526414	22.35894	22.472272	22.356741	22.440874	22.30931	22.409725	22.363223	22.36866	22.269044	22.296132	22.128977	22.265369	22.163444	22.206274	22.141461	21.997312	21.639931	20.073138	14.303755
	1	2	3	4	5	6	7	8	9	10	11	12	13	14	15	16	17	18	19	20	21	22	23	24	25	26	27	28	29	30	31	32	33	34	35	36	37	38	39	40	41	42	43	44	45	46	47	48	49	50	51	52	53	54	55	56	57	58	59	60	61	62	63	64	65	66	67	68	69	70	71	72	73	74	75	76
LV_EC_ATAC_REP3_R2	34.462407	21.775159	24.583258	24.218609	15.497623	24.315288	24.634253	22.292276	31.291354	19.080027	28.236367	22.165588	27.627914	26.044938	24.421411	23.249866	22.988676	22.646433	22.951111	22.80016	23.304755	23.033623	23.514676	23.095612	23.437941	23.171564	23.292469	23.050212	23.108909	22.970163	23.149657	22.861596	23.107435	22.801425	23.088099	22.909185	23.08781	22.772628	22.874632	22.837957	22.899879	22.828186	22.963944	22.803072	22.866971	22.765283	22.7195	22.534229	22.666289	22.532853	22.649144	22.544641	22.690167	22.599279	22.611465	22.466866	22.500266	22.344649	22.494082	22.35663	22.523734	22.341431	22.384193	22.369892	22.360526	22.23487	22.22459	22.118737	22.241858	22.153862	22.069953	21.961561	21.857158	21.434783	19.667327	14.179733

