	1	2	3	4	5	6	7	8	9	10	11	12	13	14	15	16	17	18	19	20	21	22	23	24	25	26	27	28	29	30	31	32	33	34	35	36	37	38	39	40	41	42	43	44	45	46	47	48	49	50
BR_EC_ATAC_REP1_R1	14.999508	27.036325	24.543375	24.649373	33.385085	24.674631	24.506801	26.554912	17.471983	30.095991	20.772969	26.816306	21.337427	22.797549	24.507928	25.528412	25.916394	26.127996	25.920811	26.053886	25.616981	25.806375	25.42531	25.768835	25.437159	25.691014	25.584856	25.85661	25.830314	25.878674	25.691517	25.904989	25.72515	25.985708	25.760641	25.968112	25.900786	26.124286	26.076751	26.127523	26.001445	26.022383	25.876526	25.998027	25.981918	26.137089	26.355718	26.933424	28.096395	33.802591
	1	2	3	4	5	6	7	8	9	10	11	12	13	14	15	16	17	18	19	20	21	22	23	24	25	26	27	28	29	30	31	32	33	34	35	36	37	38	39	40	41	42	43	44	45	46	47	48	49	50
BR_EC_ATAC_REP1_R2	14.989571	27.084435	24.648748	24.65183	33.594539	24.686042	24.588096	26.545405	17.623186	30.021302	20.900081	26.780243	21.452771	22.897747	24.57344	25.563212	25.957897	26.159378	25.970187	26.098613	25.679986	25.842857	25.472187	25.792332	25.470363	25.743409	25.616237	25.885529	25.849107	25.89054	25.701975	25.918934	25.75654	26.009189	25.788726	25.976364	25.919017	26.133346	26.101942	26.13394	26.027376	26.022056	25.887072	26.031905	26.020643	26.172567	26.420448	26.990603	28.246413	33.907364
	1	2	3	4	5	6	7	8	9	10	11	12	13	14	15	16	17	18	19	20	21	22	23	24	25	26	27	28	29	30	31	32	33	34	35	36	37	38	39	40	41	42	43	44	45	46	47	48	49	50
BR_EC_ATAC_REP2_R1	15.847993	28.931225	25.86667	26.451082	35.12747	26.456572	25.857148	28.353228	18.586276	31.845779	22.159829	28.650239	22.754784	24.453503	26.18156	27.367364	27.604047	27.952101	27.612698	27.827719	27.318528	27.655003	27.148669	27.608208	27.228678	27.584812	27.414382	27.704017	27.638419	27.731731	27.51514	27.792649	27.521428	27.849465	27.547043	27.809483	27.648672	27.972184	27.860506	27.967042	27.839909	27.916216	27.760642	27.896096	27.841082	28.014518	28.192975	28.79599	30.115519	35.610401
	1	2	3	4	5	6	7	8	9	10	11	12	13	14	15	16	17	18	19	20	21	22	23	24	25	26	27	28	29	30	31	32	33	34	35	36	37	38	39	40	41	42	43	44	45	46	47	48	49	50
BR_EC_ATAC_REP2_R2	15.888788	29.015656	25.981052	26.47471	35.369249	26.452391	25.940864	28.361787	18.791149	31.769779	22.320746	28.647259	22.890689	24.559986	26.237349	27.401875	27.670497	27.996062	27.668543	27.878261	27.391283	27.705221	27.200486	27.637955	27.296641	27.622265	27.426478	27.733629	27.670596	27.751666	27.552979	27.813374	27.563595	27.861147	27.579418	27.823142	27.659044	27.977351	27.88662	27.966618	27.851846	27.933402	27.780507	27.906488	27.877522	28.032169	28.237806	28.851074	30.226708	35.6987
	1	2	3	4	5	6	7	8	9	10	11	12	13	14	15	16	17	18	19	20	21	22	23	24	25	26	27	28	29	30	31	32	33	34	35	36	37	38	39	40	41	42	43	44	45	46	47	48	49	50	51	52	53	54	55	56	57	58	59	60	61	62	63	64	65	66	67	68	69	70	71	72	73	74	75	76
BR_EC_ATAC_REP3_R1	15.534302	28.027147	25.110598	25.578264	34.468412	25.636276	25.172333	27.412092	18.117603	30.999248	21.40286	27.656051	22.021153	23.617358	25.207734	26.375013	26.659483	27.007722	26.648319	26.839457	26.326616	26.626621	26.115571	26.57728	26.165138	26.540393	26.338436	26.656672	26.586325	26.720072	26.49673	26.7635	26.508026	26.809475	26.525615	26.779792	26.619373	26.943897	26.830534	26.949227	26.812991	26.909818	26.708667	26.860764	26.800368	26.9722	26.982673	27.223031	26.994966	27.205745	27.104649	27.194237	27.017652	27.138961	27.0797	27.193518	27.134942	27.337093	27.231887	27.327902	27.215444	27.339546	27.275244	27.282367	27.285602	27.387468	27.357343	27.514719	27.367524	27.475867	27.450756	27.52446	27.50569	27.8826	29.186449	34.899538
	1	2	3	4	5	6	7	8	9	10	11	12	13	14	15	16	17	18	19	20	21	22	23	24	25	26	27	28	29	30	31	32	33	34	35	36	37	38	39	40	41	42	43	44	45	46	47	48	49	50	51	52	53	54	55	56	57	58	59	60	61	62	63	64	65	66	67	68	69	70	71	72	73	74	75	76
BR_EC_ATAC_REP3_R2	16.047271	28.004776	25.185211	25.595671	34.459491	25.624002	25.209172	27.370202	18.181146	30.906561	21.449403	27.646506	22.153051	23.680589	25.269042	26.403148	26.675474	27.01215	26.676019	26.837845	26.326512	26.634649	26.158524	26.603529	26.216423	26.551483	26.354881	26.68031	26.596864	26.729728	26.508337	26.77419	26.494187	26.801385	26.503817	26.78485	26.640346	26.947522	26.822645	26.906902	26.7926	26.887967	26.724912	26.869284	26.785126	26.958764	26.98852	27.166369	27.017478	27.153419	27.044819	27.147005	26.947782	27.118095	27.053865	27.168729	27.074767	27.344218	27.225755	27.292948	27.210322	27.327639	27.235043	27.268978	27.260177	27.365833	27.365918	27.50755	27.337935	27.432553	27.438563	27.493125	27.547377	27.882439	29.228926	34.895341
	1	2	3	4	5	6	7	8	9	10	11	12	13	14	15	16	17	18	19	20	21	22	23	24	25	26	27	28	29	30	31	32	33	34	35	36	37	38	39	40	41	42	43	44	45	46	47	48	49	50	51	52	53	54	55	56	57	58	59	60	61	62	63	64	65	66	67	68	69	70	71	72	73	74	75	76
BR_EC_ATAC_REP4_R1	15.31154	26.834825	24.252787	24.404777	33.447917	24.466671	24.294304	26.300167	17.490338	29.861782	20.568627	26.515254	21.195435	22.622353	24.283531	25.292552	25.654266	25.893564	25.665307	25.777697	25.321766	25.572781	25.140604	25.510594	25.174234	25.452986	25.255626	25.562143	25.476758	25.601377	25.418596	25.635114	25.436425	25.70079	25.4854	25.684761	25.604422	25.841226	25.774076	25.828668	25.693891	25.77163	25.59207	25.711543	25.683832	25.859587	25.900623	26.084223	25.932744	26.069833	25.948092	26.053593	25.898606	26.012	25.963518	26.086664	26.026561	26.23283	26.1216	26.200816	26.114602	26.204386	26.133032	26.15221	26.167052	26.276221	26.276588	26.398725	26.264067	26.334076	26.352616	26.356877	26.391336	26.760998	27.945981	33.803804
	1	2	3	4	5	6	7	8	9	10	11	12	13	14	15	16	17	18	19	20	21	22	23	24	25	26	27	28	29	30	31	32	33	34	35	36	37	38	39	40	41	42	43	44	45	46	47	48	49	50	51	52	53	54	55	56	57	58	59	60	61	62	63	64	65	66	67	68	69	70	71	72	73	74	75	76
BR_EC_ATAC_REP4_R2	15.782954	26.752139	24.357255	24.454663	33.41233	24.46672	24.346473	26.248811	17.501119	29.750562	20.650598	26.454253	21.26491	22.683613	24.311838	25.3105	25.664479	25.908741	25.677811	25.762626	25.335298	25.572641	25.156383	25.522582	25.176143	25.439647	25.291036	25.540486	25.488841	25.573894	25.385724	25.649465	25.442727	25.699339	25.454301	25.696012	25.608236	25.862456	25.739098	25.783512	25.677732	25.709086	25.577361	25.714689	25.655408	25.822726	25.915978	26.071593	25.905739	26.033524	25.91936	25.970896	25.86732	25.940061	25.934283	26.02623	26.001753	26.212744	26.098052	26.143058	26.067011	26.155976	26.111418	26.132147	26.144117	26.238216	26.227969	26.373729	26.232299	26.329332	26.313347	26.350232	26.439245	26.77857	28.034489	33.815668
	1	2	3	4	5	6	7	8	9	10	11	12	13	14	15	16	17	18	19	20	21	22	23	24	25	26	27	28	29	30	31	32	33	34	35	36	37	38	39	40	41	42	43	44	45	46	47	48	49	50	51	52	53	54	55	56	57	58	59	60	61	62	63	64	65	66	67	68	69	70	71	72	73	74	75	76
LG_EC_ATAC_REP1_R1	15.575639	28.498869	25.595972	26.324775	34.675151	26.424599	25.812388	27.738376	19.251146	31.225458	21.970394	27.890222	22.810386	24.123677	25.664459	26.757346	27.042411	27.379597	27.086683	27.223143	26.712839	26.943771	26.450836	26.887402	26.541796	26.972718	26.810218	27.101621	27.033707	27.123549	26.90015	27.126768	26.944344	27.223348	26.958585	27.197126	27.101803	27.41144	27.337302	27.443814	27.273807	27.376358	27.160029	27.314619	27.273761	27.442681	27.526686	27.727913	27.596495	27.769724	27.646319	27.745817	27.555395	27.693062	27.625947	27.736365	27.696074	27.991327	27.829116	27.937833	27.890208	27.964456	27.859733	27.894906	27.857548	27.951243	27.962634	28.126165	28.04332	28.08007	28.115235	28.130447	28.139153	28.471157	29.815578	35.428115
	1	2	3	4	5	6	7	8	9	10	11	12	13	14	15	16	17	18	19	20	21	22	23	24	25	26	27	28	29	30	31	32	33	34	35	36	37	38	39	40	41	42	43	44	45	46	47	48	49	50	51	52	53	54	55	56	57	58	59	60	61	62	63	64	65	66	67	68	69	70	71	72	73	74	75	76
LG_EC_ATAC_REP1_R2	16.096368	28.504279	25.702179	26.354527	34.635486	26.418568	25.832171	27.72399	19.321225	31.194473	22.050175	27.865402	22.85973	24.189824	25.719538	26.77112	27.040826	27.408257	27.134239	27.265189	26.708362	26.960703	26.466001	26.880739	26.56583	26.96612	26.837406	27.136124	27.028117	27.134341	26.92312	27.159141	26.967708	27.238549	26.932801	27.198252	27.08828	27.4067	27.323285	27.362488	27.280266	27.333684	27.155682	27.309679	27.249468	27.404579	27.492831	27.728305	27.580728	27.761038	27.638413	27.673736	27.520434	27.633549	27.599721	27.685355	27.6895	27.975566	27.848559	27.938957	27.85909	27.905473	27.841332	27.84103	27.83486	27.959044	27.938334	28.141176	27.992592	28.092486	28.089131	28.137472	28.134505	28.458136	29.818872	35.503789
	1	2	3	4	5	6	7	8	9	10	11	12	13	14	15	16	17	18	19	20	21	22	23	24	25	26	27	28	29	30	31	32	33	34	35	36	37	38	39	40	41	42	43	44	45	46	47	48	49	50	51	52	53	54	55	56	57	58	59	60	61	62	63	64	65	66	67	68	69	70	71	72	73	74	75	76
LG_EC_ATAC_REP2_R1	15.637133	28.120555	25.289707	25.849555	34.373183	25.955186	25.450494	27.384406	18.85671	30.901832	21.596858	27.47904	22.385603	23.709859	25.321061	26.369408	26.649069	26.972562	26.731615	26.814658	26.324584	26.525995	26.057084	26.438104	26.174475	26.555882	26.421034	26.714808	26.617557	26.747994	26.489357	26.730562	26.542693	26.826496	26.602637	26.810349	26.73748	27.049017	26.950316	27.016451	26.904764	26.960451	26.755903	26.916119	26.866665	27.029077	27.152589	27.349173	27.211951	27.365699	27.240296	27.319372	27.157708	27.249542	27.237589	27.341447	27.340892	27.579741	27.500239	27.578184	27.498708	27.557151	27.42332	27.465743	27.445375	27.577484	27.580394	27.743199	27.64084	27.713059	27.732951	27.740214	27.750761	28.089637	29.385865	35.121771
	1	2	3	4	5	6	7	8	9	10	11	12	13	14	15	16	17	18	19	20	21	22	23	24	25	26	27	28	29	30	31	32	33	34	35	36	37	38	39	40	41	42	43	44	45	46	47	48	49	50	51	52	53	54	55	56	57	58	59	60	61	62	63	64	65	66	67	68	69	70	71	72	73	74	75	76
LG_EC_ATAC_REP2_R2	16.139381	28.127639	25.370898	25.916949	34.318888	25.977432	25.50711	27.355325	18.919828	30.89281	21.655211	27.460441	22.451518	23.778008	25.349283	26.426635	26.688041	27.022075	26.763924	26.821542	26.305538	26.534004	26.069555	26.486393	26.176638	26.576827	26.454999	26.737206	26.660879	26.736098	26.528577	26.752713	26.540922	26.830709	26.587357	26.811819	26.718828	27.015406	26.955173	27.022675	26.863713	26.924456	26.763094	26.892373	26.834848	27.034403	27.124774	27.336759	27.191373	27.35509	27.240698	27.244738	27.122763	27.192341	27.208552	27.315176	27.341583	27.555385	27.461185	27.587907	27.45938	27.541635	27.423794	27.443037	27.447577	27.555314	27.559544	27.731503	27.675657	27.699581	27.736583	27.698904	27.741234	28.055159	29.417199	35.131888
	1	2	3	4	5	6	7	8	9	10	11	12	13	14	15	16	17	18	19	20	21	22	23	24	25	26	27	28	29	30	31	32	33	34	35	36	37	38	39	40	41	42	43	44	45	46	47	48	49	50	51	52	53	54	55	56	57	58	59	60	61	62	63	64	65	66	67	68	69	70	71	72	73	74	75	76
LG_EC_ATAC_REP3_R1	15.372135	28.344885	25.498725	26.440462	34.436623	26.653633	25.909538	27.503833	19.31399	31.350266	21.975117	27.739511	23.013155	24.174493	25.619288	26.632744	26.869453	27.275466	26.962498	27.228186	26.639501	26.839852	26.342595	26.702623	26.378851	26.821187	26.704445	27.056692	26.955858	27.070722	26.840469	27.060302	26.888345	27.157189	26.836134	27.048532	26.976472	27.332623	27.26395	27.384955	27.237226	27.29728	27.087672	27.238818	27.159253	27.312999	27.400154	27.70442	27.550825	27.795693	27.678101	27.735147	27.558734	27.638576	27.565619	27.650091	27.629808	27.973402	27.811931	28.005186	27.910655	27.986354	27.867977	27.889957	27.902088	28.007705	27.962936	28.19606	28.009359	28.111348	28.175328	28.173569	28.234029	28.509129	29.840687	35.45142
	1	2	3	4	5	6	7	8	9	10	11	12	13	14	15	16	17	18	19	20	21	22	23	24	25	26	27	28	29	30	31	32	33	34	35	36	37	38	39	40	41	42	43	44	45	46	47	48	49	50	51	52	53	54	55	56	57	58	59	60	61	62	63	64	65	66	67	68	69	70	71	72	73	74	75	76
LG_EC_ATAC_REP3_R2	15.879624	28.354108	25.593116	26.463918	34.394545	26.63585	25.962341	27.497389	19.400884	31.311389	22.045751	27.746365	23.081823	24.21636	25.675982	26.67687	26.905224	27.28176	27.022018	27.245873	26.652238	26.855577	26.369354	26.734087	26.417904	26.832901	26.741082	27.045952	26.977884	27.104119	26.846966	27.075641	26.857071	27.135653	26.825676	27.066177	26.987796	27.307036	27.219049	27.361512	27.248251	27.305115	27.104415	27.235332	27.192018	27.309094	27.436415	27.665543	27.555074	27.782799	27.662458	27.660556	27.554322	27.608369	27.572815	27.602698	27.632684	27.910928	27.825908	27.992604	27.908165	28.031028	27.84315	27.882694	27.881165	27.961899	27.949264	28.174857	28.017861	28.094742	28.181637	28.163182	28.199134	28.50226	29.831445	35.493063
	1	2	3	4	5	6	7	8	9	10	11	12	13	14	15	16	17	18	19	20	21	22	23	24	25	26	27	28	29	30	31	32	33	34	35	36	37	38	39	40	41	42	43	44	45	46	47	48	49	50
LG_EC_ATAC_REP4_R1	15.133336	28.203429	25.419889	25.842214	34.6064	25.886392	25.418639	27.666919	17.801496	31.557355	21.497577	28.020228	22.140665	23.852074	25.411913	26.623812	26.859845	27.180921	26.826135	27.007526	26.47178	26.82525	26.361981	26.851137	26.467898	26.855469	26.656323	26.949631	26.833384	26.943062	26.672289	26.973865	26.711305	27.032756	26.761395	27.029943	26.885532	27.217104	27.092317	27.188011	27.049838	27.102746	26.922896	27.089936	27.03843	27.232	27.42772	28.029758	29.267834	34.864551
	1	2	3	4	5	6	7	8	9	10	11	12	13	14	15	16	17	18	19	20	21	22	23	24	25	26	27	28	29	30	31	32	33	34	35	36	37	38	39	40	41	42	43	44	45	46	47	48	49	50
LG_EC_ATAC_REP4_R2	15.161478	28.276265	25.4769	25.82869	34.795278	25.851321	25.454603	27.68382	17.952303	31.468642	21.608044	28.007229	22.218906	23.905136	25.482571	26.661915	26.919368	27.220488	26.865123	27.063366	26.532504	26.870379	26.400555	26.887418	26.503869	26.873849	26.687493	26.98341	26.884287	26.979106	26.718552	26.989883	26.715445	27.062562	26.804467	27.055783	26.919815	27.247495	27.153363	27.218747	27.050737	27.120188	26.945556	27.109688	27.067963	27.258957	27.463568	28.068126	29.343417	34.96404
	1	2	3	4	5	6	7	8	9	10	11	12	13	14	15	16	17	18	19	20	21	22	23	24	25	26	27	28	29	30	31	32	33	34	35	36	37	38	39	40	41	42	43	44	45	46	47	48	49	50
LV_EC_ATAC_REP1_R1	15.732982	28.751964	25.702646	26.268068	35.038526	26.269317	25.696056	28.156734	18.44152	31.748302	22.029836	28.519694	22.633824	24.338881	26.052748	27.235163	27.477567	27.812751	27.484906	27.673816	27.211736	27.51257	27.014416	27.464796	27.100555	27.427488	27.254273	27.541207	27.501823	27.595695	27.385766	27.651585	27.397048	27.696862	27.404381	27.66452	27.484768	27.822657	27.729468	27.819913	27.726695	27.799194	27.648777	27.766387	27.71044	27.88982	28.070718	28.664306	29.983591	35.557132
	1	2	3	4	5	6	7	8	9	10	11	12	13	14	15	16	17	18	19	20	21	22	23	24	25	26	27	28	29	30	31	32	33	34	35	36	37	38	39	40	41	42	43	44	45	46	47	48	49	50
LV_EC_ATAC_REP1_R2	15.768327	28.822692	25.824916	26.28915	35.266081	26.295042	25.773651	28.183105	18.610292	31.705904	22.177366	28.515856	22.743841	24.435542	26.119281	27.2811	27.546242	27.841701	27.518761	27.737768	27.264079	27.555181	27.052831	27.478657	27.118855	27.46241	27.278655	27.567193	27.52238	27.619911	27.407417	27.680702	27.4148	27.719312	27.417024	27.652971	27.50456	27.836969	27.755879	27.83682	27.724356	27.798244	27.658167	27.779581	27.731988	27.899082	28.110434	28.70614	30.072708	35.590531
	1	2	3	4	5	6	7	8	9	10	11	12	13	14	15	16	17	18	19	20	21	22	23	24	25	26	27	28	29	30	31	32	33	34	35	36	37	38	39	40	41	42	43	44	45	46	47	48	49	50	51	52	53	54	55	56	57	58	59	60	61	62	63	64	65	66	67	68	69	70	71	72	73	74	75	76
LV_EC_ATAC_REP2_R1	15.141938	28.561447	25.384183	26.017302	34.826274	25.902824	25.397213	27.912004	18.505285	31.388095	21.759088	28.152005	22.327865	24.058589	25.690047	26.881573	27.106189	27.531386	27.149022	27.344126	26.736396	27.15201	26.553847	27.049456	26.684534	27.077051	26.828569	27.174554	27.10607	27.231793	26.98892	27.301809	26.978089	27.328818	27.035819	27.292367	27.066622	27.423327	27.326501	27.390085	27.293732	27.441898	27.228612	27.381218	27.305818	27.476256	27.49549	27.67077	27.488561	27.662526	27.559743	27.665069	27.512619	27.701954	27.588389	27.705841	27.617654	27.858306	27.743654	27.826076	27.754605	27.877632	27.773444	27.806493	27.829357	27.922141	27.887502	27.983758	27.948406	28.053791	28.013117	28.087054	28.145595	28.555484	30.120378	35.766797
	1	2	3	4	5	6	7	8	9	10	11	12	13	14	15	16	17	18	19	20	21	22	23	24	25	26	27	28	29	30	31	32	33	34	35	36	37	38	39	40	41	42	43	44	45	46	47	48	49	50	51	52	53	54	55	56	57	58	59	60	61	62	63	64	65	66	67	68	69	70	71	72	73	74	75	76
LV_EC_ATAC_REP2_R2	15.104158	28.499261	25.528927	25.996296	34.784605	25.979377	25.448605	27.92342	18.6377	31.276223	21.835587	28.143353	22.426151	24.120603	25.734428	26.925861	27.11746	27.536664	27.157541	27.292999	26.777314	27.149806	26.566007	27.125085	26.700001	27.059656	26.854742	27.162706	27.08459	27.216312	27.016718	27.325551	26.996161	27.331916	27.076059	27.291379	27.130205	27.441667	27.356207	27.407107	27.28952	27.388827	27.214333	27.394675	27.303345	27.471338	27.470002	27.670571	27.457521	27.659706	27.5416	27.661707	27.480788	27.631445	27.583024	27.724681	27.66254	27.878196	27.761503	27.846991	27.735336	27.85834	27.80492	27.840021	27.824407	27.952031	27.955307	28.081311	27.99961	28.066012	28.125052	28.216743	28.29629	28.746163	30.514817	36.1036
	1	2	3	4	5	6	7	8	9	10	11	12	13	14	15	16	17	18	19	20	21	22	23	24	25	26	27	28	29	30	31	32	33	34	35	36	37	38	39	40	41	42	43	44	45	46	47	48	49	50	51	52	53	54	55	56	57	58	59	60	61	62	63	64	65	66	67	68	69	70	71	72	73	74	75	76
LV_EC_ATAC_REP3_R1	15.172944	28.344604	25.397257	25.822506	34.541878	25.67685	25.3415	27.710726	18.616229	31.039527	21.738886	27.877949	22.286158	23.895431	25.510483	26.688243	26.932984	27.361138	27.044659	27.217355	26.706584	27.007208	26.512866	26.917226	26.548383	26.853148	26.712412	27.011517	26.937332	27.095767	26.886774	27.152179	26.902028	27.169611	26.903083	27.117112	26.906961	27.294781	27.165173	27.253483	27.153877	27.291497	27.080935	27.228912	27.139494	27.28208	27.324013	27.538384	27.397718	27.498549	27.451647	27.500804	27.366373	27.493162	27.421989	27.507908	27.50311	27.714902	27.531173	27.677502	27.600435	27.679425	27.652029	27.662138	27.667728	27.766829	27.685658	27.832581	27.762619	27.840208	27.856369	27.901468	28.011134	28.358149	29.927774	35.686139
	1	2	3	4	5	6	7	8	9	10	11	12	13	14	15	16	17	18	19	20	21	22	23	24	25	26	27	28	29	30	31	32	33	34	35	36	37	38	39	40	41	42	43	44	45	46	47	48	49	50	51	52	53	54	55	56	57	58	59	60	61	62	63	64	65	66	67	68	69	70	71	72	73	74	75	76
LV_EC_ATAC_REP3_R2	15.117025	28.249975	25.463491	25.816404	34.474546	25.736191	25.381373	27.726691	18.705644	30.980654	21.77984	27.835348	22.381917	23.988817	25.588727	26.746631	26.999347	27.393505	27.026886	27.225684	26.710178	26.984321	26.503698	26.931054	26.572224	26.860204	26.72349	27.008753	26.899051	27.061193	26.874178	27.172303	26.901866	27.21592	26.936718	27.110881	26.930735	27.255768	27.1319	27.203819	27.08869	27.191337	27.080088	27.243492	27.133693	27.259273	27.305963	27.504769	27.334389	27.508251	27.367648	27.475033	27.337966	27.428457	27.413511	27.517747	27.512314	27.664803	27.539398	27.645291	27.54022	27.649492	27.629672	27.628824	27.675523	27.78223	27.727844	27.894024	27.765138	27.86292	27.951662	28.035396	28.150082	28.583399	30.36012	35.873993

