	14	15	16	18	24	25	26	27	28	29	30	31	32	33	34	35	36	37	38
BR_EC_ATAC_REP1	18796078	14881716	61649103	6698240	4485192	18601780	9179360	20154030	19227948	37096455	6024966	39355337	29477083	159244197	202672588	54217379	94259878	150506377	2128073030
	14	15	16	18	24	25	26	27	28	29	30	31	32	33	34	35	36	37	38
BR_EC_ATAC_REP2	13496697	14414762	69472550	6917035	3127209	20133529	9849225	18402109	20452907	41595739	6411613	44645113	30756057	183204324	237286158	58306120	108781283	178106042	2543134075
	12	22	27	32	37	41
BR_EC_ATAC_REP3	28080709	17658452	28845809	99969999	185443936	1481188892
	12	22	27	32	37	41
BR_EC_ATAC_REP4	26541442	17002059	26946596	91368087	166949193	1305271226
	12	22	27	32	37	41
LG_EC_ATAC_REP1	19930617	12338897	22186248	92263062	167088154	1461266217
	12	22	27	32	37	41
LG_EC_ATAC_REP2	14588361	8878095	16840429	68526131	130820424	1069872606
	12	22	27	32	37	41
LG_EC_ATAC_REP3	20690665	12804122	23233035	95428501	173037597	1488559918
	14	15	16	18	24	25	26	27	28	29	30	31	32	33	34	35	36	37	38
LG_EC_ATAC_REP4	9556693	9331698	42796490	4321491	2197282	12164089	5871833	12049281	12753200	26370242	3973016	27584962	19401970	119289545	164300993	37101011	70240172	112113449	1761463584
	14	15	16	18	24	25	26	27	28	29	30	31	32	33	34	35	36	37	38
LV_EC_ATAC_REP1	13098237	13741656	65156573	6642153	3042348	19058539	9433977	17376625	19184362	37691969	6059407	40959677	28731382	168645965	217471095	53501230	97806003	161793473	2351695559
	8	12	22	27	32	37	41
LV_EC_ATAC_REP2	1432531	20660628	16777508	25439469	65728629	126934894	748544914
	8	12	22	27	32	37	41
LV_EC_ATAC_REP3	1218715	17930400	14587641	22239596	55482242	106005816	588676371

