	20	21	22	23	24	25	26	27	28	29	30	31	32	33	34	35	36	37	38	39	40	41	42	43	44	45	46	47	48	49	50
BR_EC_ATAC_REP1_T1_1	10266.0	6166.0	3586.0	4990.0	4277.0	11073.0	71548.0	81553.0	58701.0	60943.0	45459.0	53030.0	66842.0	100013.0	157629.0	309335.0	495646.0	559823.0	585992.0	663054.0	747747.0	844541.0	847539.0	838591.0	873600.0	929999.0	1159447.0	2029273.0	5286589.0	14914834.0	39109532.0
	20	21	22	23	24	25	26	27	28	29	30	31	32	33	34	35	36	37	38	39	40	41	42	43	44	45	46	47	48	49	50
BR_EC_ATAC_REP1_T1_2	12011.0	9547.0	6847.0	8806.0	8118.0	15170.0	75453.0	84072.0	63111.0	65352.0	50513.0	58377.0	72677.0	106029.0	164544.0	316345.0	503572.0	568989.0	596369.0	675880.0	763478.0	865291.0	874221.0	873862.0	922375.0	1001786.0	1269395.0	2203357.0	5591452.0	15151778.0	37952841.0
	20	21	22	23	24	25	26	27	28	29	30	31	32	33	34	35	36	37	38	39	40	41	42	43	44	45	46	47	48	49	50
BR_EC_ATAC_REP2_T1_1	4598.0	7166.0	3152.0	6266.0	3578.0	8505.0	34508.0	55797.0	46305.0	47824.0	32645.0	41288.0	57723.0	98047.0	145869.0	278751.0	438510.0	508149.0	534143.0	565710.0	571317.0	578959.0	597745.0	661214.0	711030.0	784659.0	1054700.0	1969586.0	5062015.0	13740992.0	37327644.0
	20	21	22	23	24	25	26	27	28	29	30	31	32	33	34	35	36	37	38	39	40	41	42	43	44	45	46	47	48	49	50
BR_EC_ATAC_REP2_T1_2	6623.0	9389.0	5679.0	8767.0	6274.0	11384.0	37211.0	58330.0	49430.0	50711.0	36243.0	44868.0	61539.0	101979.0	150494.0	283477.0	444091.0	513950.0	541611.0	574210.0	581920.0	593510.0	616371.0	685531.0	743768.0	831323.0	1121811.0	2076343.0	5246415.0	13853910.0	36631233.0
	20	22	24	26	28	30	32	34	36	38	40	42	44	46	48	50	52	54	56	58	60	62	64	66	68	70	72	74	76
BR_EC_ATAC_REP3_T1_1	11074.0	6723.0	11396.0	135594.0	114953.0	98389.0	215404.0	535004.0	1044790.0	1063960.0	1182523.0	1266030.0	1353028.0	1181232.0	996970.0	1073130.0	1080670.0	1108847.0	941694.0	799634.0	787601.0	814004.0	836533.0	765723.0	665383.0	664954.0	1232209.0	7438440.0	15664946.0
	20	22	24	26	28	30	32	34	36	38	40	42	44	46	48	50	52	54	56	58	60	62	64	66	68	70	72	74	76
BR_EC_ATAC_REP3_T1_2	15432.0	11836.0	16117.0	140139.0	119728.0	103172.0	220151.0	539484.0	1048950.0	1068757.0	1187506.0	1271280.0	1358078.0	1186938.0	1002921.0	1079964.0	1088025.0	1116762.0	950704.0	809859.0	799537.0	828065.0	854977.0	791619.0	704555.0	727234.0	1344793.0	7611468.0	15092787.0
	20	22	24	26	28	30	32	34	36	38	40	42	44	46	48	50	52	54	56	58	60	62	64	66	68	70	72	74	76
BR_EC_ATAC_REP4_T1_1	9306.0	5436.0	10674.0	117310.0	93210.0	83004.0	133315.0	324253.0	693034.0	803956.0	1084808.0	1154325.0	1133246.0	987517.0	864553.0	1050523.0	1087468.0	997431.0	855638.0	724147.0	757548.0	806087.0	805765.0	732617.0	622582.0	647280.0	1198725.0	7254006.0	15294128.0
	20	22	24	26	28	30	32	34	36	38	40	42	44	46	48	50	52	54	56	58	60	62	64	66	68	70	72	74	76
BR_EC_ATAC_REP4_T1_2	13474.0	10148.0	15270.0	121463.0	97818.0	87519.0	137976.0	329281.0	697875.0	809079.0	1090092.0	1159951.0	1138988.0	993630.0	871045.0	1057252.0	1094589.0	1005364.0	864439.0	733979.0	769560.0	820320.0	824125.0	757478.0	660349.0	707831.0	1309376.0	7416663.0	14736958.0
	20	22	24	26	28	30	32	34	36	38	40	42	44	46	48	50	52	54	56	58	60	62	64	66	68	70	72	74	76
LG_EC_ATAC_REP1_T1_1	10798.0	8528.0	14249.0	131031.0	129258.0	101119.0	167819.0	430868.0	1032377.0	1216249.0	1346213.0	1456068.0	1528201.0	1352336.0	1169723.0	1173773.0	1134234.0	1115054.0	957552.0	821395.0	786776.0	772978.0	767630.0	693462.0	606448.0	590634.0	955269.0	4953624.0	10197935.0
	20	22	24	26	28	30	32	34	36	38	40	42	44	46	48	50	52	54	56	58	60	62	64	66	68	70	72	74	76
LG_EC_ATAC_REP1_T1_2	13220.0	11314.0	16808.0	133256.0	132018.0	103874.0	170222.0	432945.0	1033892.0	1217425.0	1348056.0	1458068.0	1530249.0	1354770.0	1172240.0	1176815.0	1137056.0	1118352.0	961283.0	825882.0	791910.0	779090.0	775882.0	704803.0	624144.0	618191.0	998754.0	5017592.0	9963490.0
	20	22	24	26	28	30	32	34	36	38	40	42	44	46	48	50	52	54	56	58	60	62	64	66	68	70	72	74	76
LG_EC_ATAC_REP2_T1_1	7927.0	6184.0	10043.0	93441.0	92425.0	72826.0	122714.0	316339.0	757188.0	885862.0	986183.0	1079490.0	1142275.0	1003756.0	862584.0	875853.0	864471.0	857274.0	732440.0	621394.0	599981.0	598974.0	602282.0	536747.0	464884.0	455561.0	745057.0	3874931.0	7820858.0
	20	22	24	26	28	30	32	34	36	38	40	42	44	46	48	50	52	54	56	58	60	62	64	66	68	70	72	74	76
LG_EC_ATAC_REP2_T1_2	10348.0	8795.0	12684.0	95926.0	95054.0	75592.0	125121.0	318663.0	759863.0	889007.0	989165.0	1082771.0	1145643.0	1007350.0	865835.0	879883.0	868118.0	861277.0	736765.0	626158.0	605557.0	604904.0	609828.0	547580.0	480151.0	475295.0	766698.0	3868696.0	7677217.0
	20	22	24	26	28	30	32	34	36	38	40	42	44	46	48	50	52	54	56	58	60	62	64	66	68	70	72	74	76
LG_EC_ATAC_REP3_T1_1	11037.0	10118.0	14898.0	106560.0	113796.0	95688.0	172205.0	442044.0	979332.0	1083342.0	1113108.0	1156169.0	1214217.0	1101355.0	973031.0	939419.0	897341.0	878019.0	768447.0	670311.0	634914.0	590783.0	576380.0	524089.0	462725.0	446201.0	751882.0	4072713.0	8272708.0
	20	22	24	26	28	30	32	34	36	38	40	42	44	46	48	50	52	54	56	58	60	62	64	66	68	70	72	74	76
LG_EC_ATAC_REP3_T1_2	13476.0	12718.0	17315.0	108816.0	116266.0	98067.0	174427.0	443935.0	981283.0	1085002.0	1115450.0	1158508.0	1216414.0	1103575.0	975513.0	942342.0	900337.0	881243.0	772117.0	674533.0	640452.0	596832.0	584445.0	535514.0	480122.0	472623.0	798159.0	4131750.0	8041598.0
	20	21	22	23	24	25	26	27	28	29	30	31	32	33	34	35	36	37	38	39	40	41	42	43	44	45	46	47	48	49	50
LG_EC_ATAC_REP4_T1_1	1069722.0	1745821.0	207122.0	5004136.0	67741.0	7631.0	31575.0	46164.0	34832.0	38311.0	26575.0	34339.0	46293.0	71485.0	104071.0	199535.0	321150.0	379762.0	406352.0	440495.0	449580.0	469327.0	493502.0	540961.0	600043.0	698705.0	977437.0	1884198.0	4992088.0	13690952.0	36477949.0
	20	21	22	23	24	25	26	27	28	29	30	31	32	33	34	35	36	37	38	39	40	41	42	43	44	45	46	47	48	49	50
LG_EC_ATAC_REP4_T1_2	1069125.0	1738591.0	208690.0	4987683.0	70376.0	10539.0	34359.0	49302.0	38163.0	41803.0	30561.0	38023.0	50442.0	76104.0	109190.0	204761.0	327267.0	386694.0	414744.0	450169.0	461889.0	484361.0	512751.0	565320.0	635570.0	746675.0	1051762.0	1992166.0	5175929.0	13801075.0	35793770.0
	20	21	22	23	24	25	26	27	28	29	30	31	32	33	34	35	36	37	38	39	40	41	42	43	44	45	46	47	48	49	50
LV_EC_ATAC_REP1_T1_1	4615.0	6383.0	2900.0	5922.0	3471.0	8289.0	35750.0	55991.0	44844.0	45112.0	31389.0	39901.0	55720.0	94219.0	145011.0	280797.0	446415.0	520877.0	543170.0	570044.0	575760.0	593226.0	613930.0	675273.0	732524.0	806072.0	1066829.0	1956242.0	4956326.0	13378240.0	36053243.0
	20	21	22	23	24	25	26	27	28	29	30	31	32	33	34	35	36	37	38	39	40	41	42	43	44	45	46	47	48	49	50
LV_EC_ATAC_REP1_T1_2	6875.0	8846.0	5671.0	8539.0	6446.0	11382.0	38784.0	58851.0	48243.0	48694.0	35265.0	43826.0	60226.0	98707.0	150191.0	286180.0	452710.0	527560.0	551202.0	579675.0	588073.0	608752.0	633998.0	701699.0	768865.0	859043.0	1146730.0	2084802.0	5169936.0	13531167.0	35227547.0
	20	22	24	26	28	30	32	34	36	38	40	42	44	46	48	50	52	54	56	58	60	62	64	66	68	70	72	74	76
LV_EC_ATAC_REP2_T1_1	4890.0	3609.0	5597.0	40637.0	37384.0	29475.0	49229.0	122171.0	276744.0	319297.0	386340.0	396145.0	412874.0	367197.0	324244.0	359678.0	372266.0	367874.0	327910.0	285239.0	290263.0	306134.0	313394.0	293267.0	270400.0	297357.0	588795.0	3404383.0	6017000.0
	20	22	24	26	28	30	32	34	36	38	40	42	44	46	48	50	52	54	56	58	60	62	64	66	68	70	72	74	76
LV_EC_ATAC_REP2_T1_2	13833.0	12707.0	14393.0	49508.0	46193.0	38891.0	58671.0	131991.0	286917.0	330811.0	398333.0	408449.0	426227.0	381298.0	340257.0	376560.0	389976.0	386646.0	347059.0	305883.0	311770.0	328304.0	337788.0	322280.0	310485.0	360021.0	702279.0	3549471.0	5302792.0
	20	22	24	26	28	30	32	34	36	38	40	42	44	46	48	50	52	54	56	58	60	62	64	66	68	70	72	74	76
LV_EC_ATAC_REP3_T1_1	4287.0	3189.0	5154.0	42617.0	39508.0	32184.0	46527.0	118989.0	272648.0	318365.0	400996.0	395187.0	399928.0	363910.0	323070.0	367228.0	370042.0	351661.0	317220.0	276733.0	280020.0	292542.0	293386.0	278128.0	256264.0	275726.0	519247.0	2922536.0	5165433.0
	20	22	24	26	28	30	32	34	36	38	40	42	44	46	48	50	52	54	56	58	60	62	64	66	68	70	72	74	76
LV_EC_ATAC_REP3_T1_2	11478.0	10588.0	12140.0	49617.0	46764.0	39609.0	54474.0	127156.0	281069.0	327607.0	410542.0	405453.0	411143.0	375498.0	336051.0	381263.0	384749.0	366876.0	333207.0	293589.0	298110.0	310584.0	313778.0	302541.0	290355.0	329767.0	616464.0	3052090.0	4560163.0

