	1	2	3	4	5	6	7	8	9	10	11	12	13	14	15	16	17	18	19	20	21	22	23	24	25	26	27	28	29	30	31	32	33	34	35	36	37	38	39	40	41	42	43	44	45	46	47	48	49	50
BR_EC_ATAC_REP1_R1	34.97937	22.970199	25.466711	25.348021	16.599736	25.325075	25.500436	23.432256	32.516545	19.91861	29.215899	23.184799	28.665226	27.183823	25.489387	24.467798	24.089385	23.848311	24.091145	23.947014	24.372716	24.186916	24.586137	24.233642	24.564348	24.304672	24.396619	24.148802	24.193264	24.117651	24.304081	24.086458	24.271652	24.000525	24.245424	24.033584	24.112273	23.882237	23.932439	23.870212	24.006278	23.987025	24.116713	24.002366	24.014759	23.875362	23.629473	23.068934	21.913691	16.183332
	1	2	3	4	5	6	7	8	9	10	11	12	13	14	15	16	17	18	19	20	21	22	23	24	25	26	27	28	29	30	31	32	33	34	35	36	37	38	39	40	41	42	43	44	45	46	47	48	49	50
BR_EC_ATAC_REP1_R2	34.98253	22.916314	25.322342	25.331518	16.403839	25.315908	25.413206	23.461175	32.359562	19.980917	29.070672	23.195634	28.536738	27.099414	25.421158	24.436218	24.054206	23.823559	24.033666	23.908753	24.316919	24.158213	24.524435	24.201844	24.508126	24.265422	24.356637	24.1032	24.157864	24.096054	24.286929	24.063501	24.233831	23.979407	24.205397	24.022595	24.083813	23.852295	23.917417	23.854461	23.987836	23.973538	24.112249	23.966143	23.977252	23.85412	23.582633	23.015789	21.745827	16.071534
	1	2	3	4	5	6	7	8	9	10	11	12	13	14	15	16	17	18	19	20	21	22	23	24	25	26	27	28	29	30	31	32	33	34	35	36	37	38	39	40	41	42	43	44	45	46	47	48	49	50
BR_EC_ATAC_REP2_R1	34.141544	21.080859	24.123845	23.551706	14.881284	23.546546	24.150859	21.659402	31.398711	18.166178	27.849562	21.342829	27.25536	25.520879	23.819371	22.64766	22.40855	22.056191	22.411495	22.169789	22.677758	22.353168	22.853894	22.403595	22.791656	22.425798	22.604712	22.294666	22.380891	22.284827	22.493414	22.223517	22.477576	22.155278	22.467601	22.202978	22.362115	22.034775	22.142077	22.053359	22.156211	22.094023	22.247569	22.103354	22.170841	22.001033	21.813517	21.210446	19.897567	14.401606
	1	2	3	4	5	6	7	8	9	10	11	12	13	14	15	16	17	18	19	20	21	22	23	24	25	26	27	28	29	30	31	32	33	34	35	36	37	38	39	40	41	42	43	44	45	46	47	48	49	50
BR_EC_ATAC_REP2_R2	34.109462	20.990298	24.026243	23.529737	14.629395	23.54922	24.062746	21.650084	31.209333	18.219878	27.673816	21.342772	27.110771	25.450877	23.76838	22.599126	22.333377	22.006681	22.342402	22.127553	22.610658	22.304276	22.810002	22.366207	22.732509	22.39845	22.569282	22.267029	22.329164	22.260137	22.457408	22.195713	22.432481	22.142138	22.425006	22.193921	22.344303	22.01396	22.12093	22.039151	22.146026	22.084807	22.230191	22.092544	22.138594	21.977604	21.759075	21.170307	19.805439	14.322633
	1	2	3	4	5	6	7	8	9	10	11	12	13	14	15	16	17	18	19	20	21	22	23	24	25	26	27	28	29	30	31	32	33	34	35	36	37	38	39	40	41	42	43	44	45	46	47	48	49	50	51	52	53	54	55	56	57	58	59	60	61	62	63	64	65	66	67	68	69	70	71	72	73	74	75	76
BR_EC_ATAC_REP3_R1	30.086003	21.967351	24.89232	24.433792	15.525628	24.374917	24.826774	22.592786	31.890171	19.005391	28.589947	22.31993	27.967473	26.376545	24.793296	23.631505	23.331552	22.979459	23.350192	23.164739	23.680566	23.359464	23.878542	23.418855	23.811386	23.441363	23.656289	23.326649	23.406523	23.270894	23.479997	23.216012	23.498968	23.179259	23.481823	23.208809	23.378262	23.078809	23.14924	23.052121	23.191326	23.086599	23.295934	23.127681	23.190965	23.034776	22.994415	22.786516	22.959067	22.79564	22.916469	22.811956	22.980642	22.835059	22.925987	22.79067	22.870322	22.651509	22.772325	22.676626	22.771173	22.64405	22.741157	22.717824	22.734396	22.591847	22.639072	22.477131	22.616928	22.565428	22.541408	22.473321	22.483158	22.099751	20.788926	15.110434
	1	2	3	4	5	6	7	8	9	10	11	12	13	14	15	16	17	18	19	20	21	22	23	24	25	26	27	28	29	30	31	32	33	34	35	36	37	38	39	40	41	42	43	44	45	46	47	48	49	50	51	52	53	54	55	56	57	58	59	60	61	62	63	64	65	66	67	68	69	70	71	72	73	74	75	76
BR_EC_ATAC_REP3_R2	30.099018	21.985396	24.799517	24.361931	15.53203	24.356037	24.771752	22.599704	31.710285	19.085418	28.532334	22.340675	27.867825	26.29974	24.735074	23.575635	23.322065	22.975489	23.31379	23.144879	23.645824	23.351356	23.845821	23.390312	23.779744	23.461266	23.634827	23.301613	23.404734	23.258949	23.523309	23.203404	23.498417	23.178194	23.48804	23.225067	23.366964	23.074628	23.162721	23.081475	23.208582	23.101862	23.289734	23.109446	23.196496	23.052564	23.01945	22.836967	23.005199	22.847533	22.923833	22.857211	23.015603	22.893307	22.937753	22.842897	22.885126	22.701752	22.831486	22.696044	22.78446	22.673352	22.785959	22.76551	22.745415	22.629104	22.650936	22.492553	22.644484	22.567099	22.571008	22.507011	22.456867	22.107363	20.762315	15.102253
	1	2	3	4	5	6	7	8	9	10	11	12	13	14	15	16	17	18	19	20	21	22	23	24	25	26	27	28	29	30	31	32	33	34	35	36	37	38	39	40	41	42	43	44	45	46	47	48	49	50	51	52	53	54	55	56	57	58	59	60	61	62	63	64	65	66	67	68	69	70	71	72	73	74	75	76
BR_EC_ATAC_REP4_R1	30.211292	23.177338	25.736805	25.58861	16.545185	25.508808	25.693248	23.675272	32.502513	20.148537	29.386411	23.485022	28.803882	27.382766	25.736895	24.707659	24.330915	24.083199	24.352096	24.225561	24.679059	24.411135	24.85643	24.475617	24.839206	24.54597	24.706757	24.440211	24.510386	24.363682	24.582559	24.365536	24.535519	24.286811	24.524276	24.309195	24.41067	24.156885	24.245496	24.192199	24.305741	24.25258	24.39903	24.261949	24.312217	24.17085	24.077292	23.901514	24.056267	23.900369	24.035715	23.969631	24.097637	23.978524	24.05393	23.90228	23.971623	23.781185	23.879641	23.819267	23.899305	23.794069	23.902298	23.870085	23.84353	23.744409	23.747839	23.575685	23.739719	23.662636	23.644507	23.644533	23.608879	23.220836	22.049924	16.187956
	1	2	3	4	5	6	7	8	9	10	11	12	13	14	15	16	17	18	19	20	21	22	23	24	25	26	27	28	29	30	31	32	33	34	35	36	37	38	39	40	41	42	43	44	45	46	47	48	49	50	51	52	53	54	55	56	57	58	59	60	61	62	63	64	65	66	67	68	69	70	71	72	73	74	75	76
BR_EC_ATAC_REP4_R2	30.25437	23.231108	25.642452	25.554177	16.614425	25.537489	25.647831	23.725304	32.390489	20.221253	29.324784	23.508519	28.708896	27.33366	25.683109	24.689305	24.339925	24.08523	24.332426	24.236692	24.649322	24.429647	24.84963	24.479177	24.802145	24.554063	24.688554	24.444511	24.526144	24.425918	24.597083	24.340214	24.547525	24.270915	24.513197	24.301112	24.42241	24.147969	24.254785	24.197338	24.332274	24.268469	24.411654	24.268558	24.324075	24.173382	24.0976	23.938424	24.056368	23.940458	24.085724	24.011633	24.149944	24.053699	24.06765	23.981888	23.975631	23.794894	23.928591	23.839491	23.909358	23.846093	23.890614	23.886714	23.875715	23.758233	23.777104	23.593565	23.785349	23.725536	23.677384	23.618898	23.583117	23.188952	22.025322	16.228831
	1	2	3	4	5	6	7	8	9	10	11	12	13	14	15	16	17	18	19	20	21	22	23	24	25	26	27	28	29	30	31	32	33	34	35	36	37	38	39	40	41	42	43	44	45	46	47	48	49	50	51	52	53	54	55	56	57	58	59	60	61	62	63	64	65	66	67	68	69	70	71	72	73	74	75	76
LG_EC_ATAC_REP1_R1	30.100585	21.505845	24.410432	23.699623	15.342096	23.586666	24.213532	22.272819	30.738335	18.773612	28.032586	22.120078	27.206896	25.897072	24.328376	23.25182	22.968432	22.625603	22.904299	22.761632	23.283141	23.051078	23.564044	23.129596	23.489252	23.045723	23.204346	22.879815	22.972311	22.895856	23.095444	22.865506	23.065955	22.785928	23.052945	22.805762	22.923736	22.598073	22.666313	22.572463	22.723582	22.623654	22.847164	22.673682	22.745085	22.574113	22.497432	22.274417	22.417195	22.242723	22.352798	22.28385	22.435617	22.317722	22.405813	22.283121	22.307325	22.044468	22.129839	22.032435	22.134028	22.051833	22.162088	22.131941	22.150536	22.027832	22.05089	21.877486	21.97769	21.936231	21.907565	21.898686	21.855006	21.541806	20.181331	14.564935
	1	2	3	4	5	6	7	8	9	10	11	12	13	14	15	16	17	18	19	20	21	22	23	24	25	26	27	28	29	30	31	32	33	34	35	36	37	38	39	40	41	42	43	44	45	46	47	48	49	50	51	52	53	54	55	56	57	58	59	60	61	62	63	64	65	66	67	68	69	70	71	72	73	74	75	76
LG_EC_ATAC_REP1_R2	30.076476	21.491705	24.308326	23.666257	15.364113	23.593388	24.142403	22.276912	30.630705	18.805231	27.952058	22.129237	27.132027	25.824428	24.276833	23.221335	22.945563	22.602297	22.861027	22.748754	23.277115	23.056214	23.532826	23.126148	23.454636	23.046117	23.15889	22.882105	22.968614	22.860588	23.097235	22.853214	23.05069	22.761908	23.055561	22.805422	22.927049	22.593023	22.707584	22.629259	22.743911	22.664271	22.833077	22.687482	22.752518	22.598433	22.528192	22.271786	22.45209	22.262686	22.359829	22.318218	22.476471	22.383218	22.413116	22.314347	22.293552	22.058829	22.173231	22.06744	22.136585	22.078595	22.191008	22.163432	22.170359	22.047175	22.071811	21.873726	22.048211	21.937024	21.901963	21.872875	21.883623	21.551039	20.167552	14.509338
	1	2	3	4	5	6	7	8	9	10	11	12	13	14	15	16	17	18	19	20	21	22	23	24	25	26	27	28	29	30	31	32	33	34	35	36	37	38	39	40	41	42	43	44	45	46	47	48	49	50	51	52	53	54	55	56	57	58	59	60	61	62	63	64	65	66	67	68	69	70	71	72	73	74	75	76
LG_EC_ATAC_REP2_R1	30.089353	21.892377	24.726242	24.138984	15.610295	24.038488	24.539639	22.656013	31.122968	19.092854	28.387356	22.526799	27.643015	26.291826	24.655066	23.649501	23.360817	23.015719	23.26058	23.191447	23.685164	23.494031	23.936462	23.564803	23.843428	23.457195	23.559422	23.263413	23.361187	23.270364	23.500805	23.278133	23.466289	23.178966	23.409144	23.189773	23.273465	22.964112	23.043207	22.961338	23.134188	23.060742	23.252161	23.069242	23.102811	22.980194	22.885961	22.648361	22.803849	22.614434	22.743435	22.694292	22.852944	22.734681	22.785308	22.674309	22.667042	22.41079	22.535982	22.428457	22.49841	22.450443	22.57071	22.552333	22.559359	22.445321	22.396209	22.224846	22.3641	22.262798	22.255954	22.236073	22.224862	21.886142	20.560938	14.920126
	1	2	3	4	5	6	7	8	9	10	11	12	13	14	15	16	17	18	19	20	21	22	23	24	25	26	27	28	29	30	31	32	33	34	35	36	37	38	39	40	41	42	43	44	45	46	47	48	49	50	51	52	53	54	55	56	57	58	59	60	61	62	63	64	65	66	67	68	69	70	71	72	73	74	75	76
LG_EC_ATAC_REP2_R2	30.112467	21.849156	24.62608	24.091705	15.67768	24.020177	24.495606	22.644909	31.022597	19.102793	28.346569	22.523448	27.573415	26.219858	24.659286	23.585428	23.310932	22.984327	23.254002	23.140779	23.686142	23.461948	23.912281	23.508971	23.808009	23.429967	23.531096	23.282218	23.344203	23.272812	23.471485	23.256781	23.454273	23.168412	23.436104	23.165049	23.284394	22.971344	23.053439	22.980495	23.161368	23.085781	23.247722	23.136385	23.148463	22.965384	22.870845	22.674599	22.808501	22.637211	22.779617	22.733843	22.858208	22.785494	22.785477	22.692233	22.68743	22.414249	22.522525	22.418856	22.561599	22.46418	22.57463	22.592354	22.555688	22.430136	22.440031	22.241021	22.341484	22.290379	22.308117	22.292676	22.245649	21.932793	20.603333	14.85421
	1	2	3	4	5	6	7	8	9	10	11	12	13	14	15	16	17	18	19	20	21	22	23	24	25	26	27	28	29	30	31	32	33	34	35	36	37	38	39	40	41	42	43	44	45	46	47	48	49	50	51	52	53	54	55	56	57	58	59	60	61	62	63	64	65	66	67	68	69	70	71	72	73	74	75	76
LG_EC_ATAC_REP3_R1	30.151253	21.641117	24.499203	23.576976	15.573627	23.353845	24.098733	22.505994	30.690185	18.652208	28.055257	22.270391	26.979844	25.831695	24.380483	23.369881	23.142736	22.738047	23.029887	22.809869	23.351287	23.170142	23.663505	23.298698	23.629188	23.19182	23.297831	22.953173	23.061323	22.931902	23.157141	22.923858	23.123892	22.860218	23.175275	22.948922	23.026282	22.694924	22.742053	22.621157	22.774417	22.707769	22.922594	22.775294	22.812384	22.684289	22.599021	22.298694	22.413007	22.21902	22.328365	22.285904	22.481318	22.361264	22.427813	22.352175	22.361364	22.058084	22.181628	22.022382	22.106471	21.991445	22.131351	22.10797	22.118648	22.02513	22.047945	21.811948	22.002543	21.886433	21.80768	21.803659	21.785642	21.462314	20.141414	14.554502
	1	2	3	4	5	6	7	8	9	10	11	12	13	14	15	16	17	18	19	20	21	22	23	24	25	26	27	28	29	30	31	32	33	34	35	36	37	38	39	40	41	42	43	44	45	46	47	48	49	50	51	52	53	54	55	56	57	58	59	60	61	62	63	64	65	66	67	68	69	70	71	72	73	74	75	76
LG_EC_ATAC_REP3_R2	30.119469	21.63898	24.417339	23.548824	15.633945	23.353948	24.03911	22.50938	30.528328	18.68632	27.965052	22.246757	26.9102	25.780066	24.326042	23.345026	23.095851	22.712134	22.974469	22.773975	23.344059	23.151445	23.64077	23.271324	23.597192	23.177051	23.270323	22.975885	23.025576	22.922092	23.166074	22.923326	23.113449	22.865894	23.180579	22.945223	23.014573	22.664968	22.781626	22.652218	22.769445	22.71308	22.919432	22.771721	22.830937	22.709182	22.590586	22.326301	22.458634	22.242771	22.361636	22.303833	22.47013	22.382092	22.420366	22.391383	22.365216	22.098191	22.169522	22.02144	22.095227	22.00997	22.156147	22.157686	22.117862	22.047336	22.036865	21.843066	22.003684	21.904064	21.83796	21.851159	21.821411	21.504549	20.185769	14.525574
	1	2	3	4	5	6	7	8	9	10	11	12	13	14	15	16	17	18	19	20	21	22	23	24	25	26	27	28	29	30	31	32	33	34	35	36	37	38	39	40	41	42	43	44	45	46	47	48	49	50
LG_EC_ATAC_REP4_R1	34.836087	21.789764	24.58378	24.162816	15.396309	24.121959	24.588922	22.316797	32.18159	18.452833	28.506925	21.972928	27.85475	26.136889	24.587533	23.379277	23.138193	22.815268	23.189105	22.993698	23.520232	23.171226	23.644658	23.153734	23.532215	23.147395	23.329601	23.037151	23.162227	23.050324	23.321465	23.043545	23.287061	22.964712	23.227952	22.9519	23.098539	22.787206	22.904705	22.807968	22.957979	22.897514	23.077745	22.910566	22.958605	22.783399	22.569905	21.966102	20.739268	15.131908
	1	2	3	4	5	6	7	8	9	10	11	12	13	14	15	16	17	18	19	20	21	22	23	24	25	26	27	28	29	30	31	32	33	34	35	36	37	38	39	40	41	42	43	44	45	46	47	48	49	50
LG_EC_ATAC_REP4_R2	34.813385	21.730546	24.521919	24.165308	15.205243	24.140443	24.551439	22.32519	32.039782	18.521575	28.387129	21.995908	27.786068	26.092893	24.52051	23.331552	23.085551	22.768983	23.128324	22.939671	23.43795	23.138588	23.610793	23.117527	23.485244	23.121426	23.308191	23.014181	23.115274	23.030341	23.289628	23.020943	23.275903	22.933269	23.201718	22.933488	23.066983	22.75204	22.861718	22.793428	22.939589	22.880949	23.043802	22.892253	22.94904	22.755555	22.535963	21.948842	20.635303	15.042427
	1	2	3	4	5	6	7	8	9	10	11	12	13	14	15	16	17	18	19	20	21	22	23	24	25	26	27	28	29	30	31	32	33	34	35	36	37	38	39	40	41	42	43	44	45	46	47	48	49	50
LV_EC_ATAC_REP1_R1	34.266679	21.252289	24.30852	23.726701	14.973936	23.751216	24.313854	21.83963	31.567653	18.260117	27.978814	21.489118	27.378867	25.661441	23.965564	22.776844	22.525286	22.181905	22.546789	22.332639	22.80154	22.488787	23.002303	22.538047	22.923225	22.576113	22.750714	22.462024	22.52192	22.415839	22.629329	22.356458	22.605616	22.298934	22.595736	22.353492	22.514382	22.180862	22.281743	22.180137	22.291573	22.218107	22.373693	22.232798	22.299246	22.13393	21.931341	21.35076	20.041948	14.499627
	1	2	3	4	5	6	7	8	9	10	11	12	13	14	15	16	17	18	19	20	21	22	23	24	25	26	27	28	29	30	31	32	33	34	35	36	37	38	39	40	41	42	43	44	45	46	47	48	49	50
LV_EC_ATAC_REP1_R2	34.243395	21.19475	24.179138	23.697487	14.734915	23.711975	24.225719	21.826507	31.396806	18.312054	27.841805	21.497545	27.267983	25.554104	23.886423	22.733378	22.482765	22.161059	22.477675	22.275293	22.754691	22.435958	22.947105	22.515443	22.885826	22.538124	22.716357	22.433645	22.493107	22.3925	22.590266	22.33553	22.58004	22.291507	22.575275	22.361112	22.493021	22.185134	22.263422	22.158004	22.274895	22.207686	22.352111	22.221708	22.276291	22.118426	21.897952	21.312876	19.936092	14.428603
	1	2	3	4	5	6	7	8	9	10	11	12	13	14	15	16	17	18	19	20	21	22	23	24	25	26	27	28	29	30	31	32	33	34	35	36	37	38	39	40	41	42	43	44	45	46	47	48	49	50	51	52	53	54	55	56	57	58	59	60	61	62	63	64	65	66	67	68	69	70	71	72	73	74	75	76
LV_EC_ATAC_REP2_R1	34.643552	21.440868	24.597747	24.014657	15.173183	24.091315	24.610473	22.083062	31.479688	18.627647	28.242222	21.846699	27.68248	25.927998	24.335338	23.10635	22.890596	22.47753	22.881323	22.694236	23.242279	22.862799	23.458774	22.949764	23.319838	22.929557	23.160156	22.838135	22.903063	22.753595	22.988569	22.712147	22.995414	22.675552	22.952856	22.72446	22.91061	22.582735	22.700269	22.613532	22.715721	22.586013	22.773527	22.618716	22.697425	22.525174	22.49649	22.327525	22.502398	22.326398	22.447265	22.326861	22.521466	22.332436	22.414232	22.290808	22.356154	22.151495	22.270724	22.13707	22.230567	22.137365	22.2364	22.176766	22.209011	22.096515	22.140892	21.973168	22.094364	21.982378	21.964835	21.933226	21.900404	21.453177	19.883968	14.22775
	1	2	3	4	5	6	7	8	9	10	11	12	13	14	15	16	17	18	19	20	21	22	23	24	25	26	27	28	29	30	31	32	33	34	35	36	37	38	39	40	41	42	43	44	45	46	47	48	49	50	51	52	53	54	55	56	57	58	59	60	61	62	63	64	65	66	67	68	69	70	71	72	73	74	75	76
LV_EC_ATAC_REP2_R2	34.446821	21.51037	24.461245	23.994868	15.19165	24.057332	24.542929	22.090166	31.377314	18.727441	28.141382	21.854054	27.597157	25.885614	24.250095	23.075078	22.879511	22.492319	22.873016	22.684579	23.230358	22.867843	23.472044	22.886962	23.291941	22.92523	23.117488	22.838527	22.910652	22.777165	23.004193	22.685029	22.993322	22.670351	22.923219	22.685215	22.870384	22.564905	22.681844	22.603079	22.730777	22.637614	22.76426	22.583547	22.725088	22.569789	22.51558	22.330702	22.529944	22.355745	22.47616	22.385198	22.51421	22.408265	22.441117	22.28432	22.360766	22.141772	22.274727	22.185016	22.292519	22.140873	22.225068	22.176087	22.178504	22.064778	22.090449	21.888495	21.992701	21.951881	21.894625	21.760067	21.687575	21.263162	19.540016	13.974591
	1	2	3	4	5	6	7	8	9	10	11	12	13	14	15	16	17	18	19	20	21	22	23	24	25	26	27	28	29	30	31	32	33	34	35	36	37	38	39	40	41	42	43	44	45	46	47	48	49	50	51	52	53	54	55	56	57	58	59	60	61	62	63	64	65	66	67	68	69	70	71	72	73	74	75	76
LV_EC_ATAC_REP3_R1	34.630857	21.673992	24.61309	24.209214	15.481868	24.294174	24.683602	22.26937	31.393715	18.944993	28.267748	22.143957	27.748791	26.124312	24.535928	23.314437	23.040897	22.663076	22.969401	22.774542	23.293013	23.020026	23.522287	23.082217	23.461723	23.152083	23.310669	22.997148	23.049099	22.942958	23.107014	22.844009	23.106832	22.819828	23.101795	22.90077	23.054958	22.709817	22.844697	22.742569	22.876677	22.751331	22.937973	22.744716	22.846373	22.693383	22.665309	22.474962	22.687779	22.492294	22.576561	22.469224	22.622636	22.520802	22.563926	22.48278	22.517982	22.277194	22.448467	22.292853	22.440022	22.309022	22.355227	22.369684	22.370486	22.237244	22.284035	22.17566	22.278525	22.193435	22.175495	22.08896	22.03163	21.657081	20.08271	14.329635
	1	2	3	4	5	6	7	8	9	10	11	12	13	14	15	16	17	18	19	20	21	22	23	24	25	26	27	28	29	30	31	32	33	34	35	36	37	38	39	40	41	42	43	44	45	46	47	48	49	50	51	52	53	54	55	56	57	58	59	60	61	62	63	64	65	66	67	68	69	70	71	72	73	74	75	76
LV_EC_ATAC_REP3_R2	34.465652	21.764634	24.492294	24.226777	15.531443	24.272381	24.629814	22.312213	31.298085	19.016602	28.192168	22.178648	27.615645	26.016413	24.433082	23.29316	23.030195	22.60543	23.006659	22.821598	23.30335	23.009277	23.515063	23.070682	23.441703	23.134304	23.294588	23.010368	23.102748	22.965925	23.124968	22.85761	23.112371	22.83184	23.101011	22.889201	23.046963	22.764356	22.867181	22.816694	22.897354	22.792546	22.92649	22.788229	22.876464	22.716838	22.677284	22.50601	22.676871	22.562675	22.663296	22.520986	22.682214	22.554144	22.595855	22.514492	22.553447	22.335013	22.434252	22.359617	22.436939	22.324691	22.41264	22.354638	22.344823	22.240743	22.267073	22.102249	22.215726	22.142775	22.062921	21.978959	21.852814	21.409049	19.677511	14.10875

