	1	2	3	4	5	6	7	8	9	10	11	12	13	14	15	16	17	18	19	20	21	22	23	24	25	26	27	28	29	30	31	32	33	34	35	36	37	38	39	40	41	42	43	44	45	46	47	48	49	50
BR_EC_ATAC_REP1_R1	14.976072	27.020038	24.509176	24.62407	33.380841	24.661188	24.479736	26.542952	17.456992	30.064691	20.76502	26.796872	21.315253	22.78667	24.492751	25.516449	25.893859	26.110746	25.8785	26.025461	25.59788	25.793284	25.37995	25.747867	25.412002	25.683774	25.590744	25.831528	25.786816	25.856477	25.673342	25.87356	25.702771	25.962742	25.72901	25.932018	25.857764	26.114166	26.044397	26.104112	25.974032	25.983888	25.84134	25.96765	25.964176	26.106131	26.329117	26.905342	28.065801	33.791377
	1	2	3	4	5	6	7	8	9	10	11	12	13	14	15	16	17	18	19	20	21	22	23	24	25	26	27	28	29	30	31	32	33	34	35	36	37	38	39	40	41	42	43	44	45	46	47	48	49	50
BR_EC_ATAC_REP1_R2	14.985418	27.071416	24.637799	24.644811	33.561637	24.653737	24.559422	26.517395	17.619959	29.994602	20.904922	26.798728	21.436849	22.864732	24.558056	25.552442	25.930405	26.156425	25.931907	26.070128	25.630332	25.832624	25.445516	25.771108	25.461829	25.708448	25.61042	25.861557	25.813757	25.87728	25.701287	25.893398	25.732318	25.995387	25.756768	25.949062	25.888782	26.13554	26.049261	26.126309	25.9909	26.008225	25.866374	25.996106	26.003436	26.127015	26.386972	26.970988	28.242673	33.900072
	1	2	3	4	5	6	7	8	9	10	11	12	13	14	15	16	17	18	19	20	21	22	23	24	25	26	27	28	29	30	31	32	33	34	35	36	37	38	39	40	41	42	43	44	45	46	47	48	49	50
BR_EC_ATAC_REP2_R1	15.830027	28.914093	25.863367	26.437892	35.109975	26.437742	25.830793	28.330315	18.590753	31.816142	22.145621	28.652722	22.745346	24.466131	26.15998	27.345821	27.585588	27.932606	27.555811	27.821764	27.313844	27.644111	27.125449	27.589451	27.193577	27.556359	27.370282	27.684112	27.609324	27.713677	27.491384	27.766652	27.517786	27.823715	27.529662	27.787692	27.622814	27.954286	27.85828	27.936193	27.827629	27.895348	27.737794	27.894289	27.815574	27.997361	28.190964	28.791019	30.097907	35.580657
	1	2	3	4	5	6	7	8	9	10	11	12	13	14	15	16	17	18	19	20	21	22	23	24	25	26	27	28	29	30	31	32	33	34	35	36	37	38	39	40	41	42	43	44	45	46	47	48	49	50
BR_EC_ATAC_REP2_R2	15.883015	29.005307	25.955134	26.454893	35.364686	26.455097	25.92869	28.34229	18.786126	31.775686	22.302515	28.656149	22.875503	24.531411	26.233774	27.397592	27.654052	27.986126	27.647041	27.881615	27.383345	27.675779	27.183931	27.61224	27.249551	27.59336	27.431533	27.714957	27.648438	27.735172	27.522785	27.793965	27.546201	27.851056	27.56122	27.793096	27.647777	27.97397	27.86395	27.951873	27.846358	27.904738	27.758993	27.906689	27.858778	28.013774	28.225977	28.811773	30.182358	35.660715
	1	2	3	4	5	6	7	8	9	10	11	12	13	14	15	16	17	18	19	20	21	22	23	24	25	26	27	28	29	30	31	32	33	34	35	36	37	38	39	40	41	42	43	44	45	46	47	48	49	50	51	52	53	54	55	56	57	58	59	60	61	62	63	64	65	66	67	68	69	70	71	72	73	74	75	76
BR_EC_ATAC_REP3_R1	15.516969	28.016905	25.094041	25.544243	34.477667	25.597819	25.137818	27.394642	18.096226	30.955927	21.352724	27.683961	22.028041	23.59291	25.209382	26.353215	26.656776	26.98964	26.616366	26.81657	26.266491	26.633197	26.104284	26.555328	26.151882	26.529794	26.335064	26.657857	26.588589	26.690462	26.455587	26.743216	26.465875	26.770541	26.479948	26.766767	26.611841	26.90528	26.832371	26.918007	26.779198	26.906075	26.700288	26.857093	26.78787	26.92335	26.995039	27.158112	27.023333	27.175855	27.086681	27.169956	27.016617	27.152637	27.032156	27.194408	27.107887	27.338985	27.20963	27.294693	27.233411	27.346871	27.23698	27.273186	27.246586	27.368685	27.347154	27.497342	27.367492	27.389831	27.433593	27.478705	27.511612	27.877668	29.202515	34.840042
	1	2	3	4	5	6	7	8	9	10	11	12	13	14	15	16	17	18	19	20	21	22	23	24	25	26	27	28	29	30	31	32	33	34	35	36	37	38	39	40	41	42	43	44	45	46	47	48	49	50	51	52	53	54	55	56	57	58	59	60	61	62	63	64	65	66	67	68	69	70	71	72	73	74	75	76
BR_EC_ATAC_REP3_R2	16.03586	27.973265	25.188172	25.63489	34.463411	25.638105	25.207771	27.391934	18.173256	30.8567	21.452713	27.604681	22.118006	23.6665	25.248971	26.406625	26.653357	27.005312	26.651913	26.854279	26.307261	26.627774	26.127149	26.575994	26.186753	26.540295	26.355114	26.670303	26.582159	26.700801	26.45545	26.747197	26.488489	26.797105	26.481691	26.731206	26.595652	26.906783	26.825012	26.913074	26.788374	26.886732	26.669374	26.840921	26.76776	26.917417	26.941853	27.145833	26.974674	27.16175	27.072594	27.105938	26.985645	27.084698	27.023667	27.117957	27.112403	27.275287	27.149525	27.269546	27.176907	27.304378	27.175385	27.227715	27.235995	27.345768	27.291995	27.466384	27.335879	27.409537	27.418952	27.461404	27.51964	27.885346	29.237468	34.88229
	1	2	3	4	5	6	7	8	9	10	11	12	13	14	15	16	17	18	19	20	21	22	23	24	25	26	27	28	29	30	31	32	33	34	35	36	37	38	39	40	41	42	43	44	45	46	47	48	49	50	51	52	53	54	55	56	57	58	59	60	61	62	63	64	65	66	67	68	69	70	71	72	73	74	75	76
BR_EC_ATAC_REP4_R1	15.30599	26.793657	24.245044	24.367508	33.433227	24.445953	24.265803	26.280749	17.435886	29.822978	20.587655	26.495438	21.177179	22.583476	24.245678	25.278569	25.670142	25.910935	25.629331	25.74519	25.299918	25.556052	25.118618	25.512845	25.105054	25.419977	25.27394	25.537506	25.467881	25.597885	25.387514	25.618407	25.416802	25.686354	25.444824	25.658254	25.558408	25.824473	25.71052	25.780474	25.659399	25.715098	25.586017	25.724987	25.676529	25.813029	25.902974	26.078045	25.940568	26.070009	25.942099	25.989903	25.873595	25.990145	25.917638	26.076636	26.027786	26.205042	26.126463	26.164342	26.07054	26.198541	26.102191	26.117503	26.135888	26.231336	26.265962	26.394748	26.241379	26.300849	26.336306	26.326773	26.394036	26.747932	27.974758	33.784735
	1	2	3	4	5	6	7	8	9	10	11	12	13	14	15	16	17	18	19	20	21	22	23	24	25	26	27	28	29	30	31	32	33	34	35	36	37	38	39	40	41	42	43	44	45	46	47	48	49	50	51	52	53	54	55	56	57	58	59	60	61	62	63	64	65	66	67	68	69	70	71	72	73	74	75	76
BR_EC_ATAC_REP4_R2	15.771799	26.744152	24.308653	24.406849	33.350672	24.448756	24.322059	26.257537	17.504694	29.733874	20.636274	26.461622	21.25646	22.636571	24.285359	25.283273	25.647344	25.90463	25.656378	25.749195	25.298525	25.543772	25.126254	25.49858	25.189981	25.410033	25.28119	25.522217	25.485832	25.538639	25.380619	25.611272	25.404047	25.674807	25.462992	25.665698	25.54148	25.811501	25.724328	25.778488	25.626255	25.689551	25.552006	25.715677	25.658863	25.796237	25.859787	26.026822	25.920516	26.02706	25.885901	25.948394	25.80962	25.950678	25.905292	26.002437	25.990766	26.157049	26.069123	26.153358	26.081715	26.151333	26.050479	26.086519	26.080847	26.221984	26.20319	26.370936	26.199636	26.269283	26.300684	26.317588	26.367164	26.764167	27.962246	33.745749
	1	2	3	4	5	6	7	8	9	10	11	12	13	14	15	16	17	18	19	20	21	22	23	24	25	26	27	28	29	30	31	32	33	34	35	36	37	38	39	40	41	42	43	44	45	46	47	48	49	50	51	52	53	54	55	56	57	58	59	60	61	62	63	64	65	66	67	68	69	70	71	72	73	74	75	76
LG_EC_ATAC_REP1_R1	15.571807	28.486701	25.581163	26.26551	34.64897	26.401131	25.782516	27.708194	19.238838	31.215968	21.968612	27.869805	22.779696	24.090536	25.687144	26.722641	27.027031	27.376349	27.092038	27.216274	26.696854	26.927856	26.417772	26.857733	26.492735	26.918551	26.803164	27.11898	27.015004	27.114059	26.918798	27.149886	26.924912	27.206093	26.943489	27.19238	27.046851	27.379241	27.322012	27.390166	27.261697	27.360884	27.149836	27.336075	27.25426	27.410452	27.485426	27.71924	27.560382	27.737549	27.660668	27.701852	27.531425	27.657946	27.574001	27.72332	27.675726	27.932153	27.848081	27.957721	27.846796	27.93389	27.839196	27.836509	27.850668	27.951491	27.944402	28.119079	27.982853	28.028766	28.09784	28.109933	28.10949	28.468349	29.801665	35.436689
	1	2	3	4	5	6	7	8	9	10	11	12	13	14	15	16	17	18	19	20	21	22	23	24	25	26	27	28	29	30	31	32	33	34	35	36	37	38	39	40	41	42	43	44	45	46	47	48	49	50	51	52	53	54	55	56	57	58	59	60	61	62	63	64	65	66	67	68	69	70	71	72	73	74	75	76
LG_EC_ATAC_REP1_R2	16.075556	28.498678	25.654419	26.332961	34.633097	26.408613	25.855575	27.710745	19.301724	31.172675	22.008171	27.847056	22.836094	24.149145	25.714938	26.778912	27.035436	27.375842	27.117964	27.24115	26.723192	26.937741	26.452917	26.865062	26.546178	26.952929	26.819805	27.097158	27.025569	27.135411	26.892486	27.123077	26.927112	27.213092	26.922583	27.174433	27.060208	27.40067	27.280134	27.396919	27.235244	27.312188	27.138925	27.292186	27.251918	27.394371	27.466989	27.712406	27.549353	27.711689	27.633674	27.663969	27.520586	27.61988	27.582018	27.683305	27.673571	27.900145	27.808671	27.919102	27.843635	27.959075	27.818862	27.825964	27.825845	27.929205	27.899603	28.087909	27.947829	28.029536	28.080677	28.089	28.083027	28.441012	29.823806	35.454999
	1	2	3	4	5	6	7	8	9	10	11	12	13	14	15	16	17	18	19	20	21	22	23	24	25	26	27	28	29	30	31	32	33	34	35	36	37	38	39	40	41	42	43	44	45	46	47	48	49	50	51	52	53	54	55	56	57	58	59	60	61	62	63	64	65	66	67	68	69	70	71	72	73	74	75	76
LG_EC_ATAC_REP2_R1	15.633543	28.088142	25.263337	25.844456	34.355521	25.946718	25.430836	27.312667	18.864806	30.875625	21.603942	27.479345	22.343604	23.698775	25.314597	26.334436	26.62121	26.981832	26.710879	26.792652	26.282499	26.473034	26.050601	26.438133	26.164421	26.527885	26.429991	26.719011	26.63355	26.694936	26.475035	26.714721	26.524237	26.796613	26.547033	26.790405	26.679842	27.021728	26.94081	27.019398	26.838532	26.902019	26.741301	26.903111	26.875368	27.015912	27.109296	27.316904	27.16944	27.37476	27.25416	27.280078	27.131749	27.229388	27.179757	27.329722	27.318142	27.574624	27.45888	27.537337	27.460552	27.549902	27.425648	27.46576	27.458932	27.51944	27.614582	27.782397	27.623094	27.750447	27.725016	27.744804	27.766593	28.105805	29.463992	35.033095
	1	2	3	4	5	6	7	8	9	10	11	12	13	14	15	16	17	18	19	20	21	22	23	24	25	26	27	28	29	30	31	32	33	34	35	36	37	38	39	40	41	42	43	44	45	46	47	48	49	50	51	52	53	54	55	56	57	58	59	60	61	62	63	64	65	66	67	68	69	70	71	72	73	74	75	76
LG_EC_ATAC_REP2_R2	16.139047	28.116889	25.33879	25.878464	34.324043	25.965975	25.471355	27.330129	18.895329	30.846725	21.640069	27.459697	22.399905	23.762522	25.341759	26.366085	26.65832	26.976896	26.719318	26.865021	26.308669	26.530929	26.085404	26.469064	26.184429	26.555619	26.462914	26.695246	26.640015	26.689127	26.485252	26.709174	26.512094	26.810898	26.537478	26.805554	26.710942	27.049075	26.942697	26.971031	26.828112	26.897671	26.734358	26.878666	26.857261	27.005669	27.142152	27.302084	27.177216	27.353545	27.22988	27.262389	27.118243	27.214414	27.20343	27.295397	27.301206	27.570744	27.456535	27.557312	27.436502	27.512539	27.414646	27.418167	27.424866	27.538803	27.552549	27.749201	27.632772	27.748078	27.689661	27.740979	27.747173	28.079298	29.38029	35.133969
	1	2	3	4	5	6	7	8	9	10	11	12	13	14	15	16	17	18	19	20	21	22	23	24	25	26	27	28	29	30	31	32	33	34	35	36	37	38	39	40	41	42	43	44	45	46	47	48	49	50	51	52	53	54	55	56	57	58	59	60	61	62	63	64	65	66	67	68	69	70	71	72	73	74	75	76
LG_EC_ATAC_REP3_R1	15.353369	28.335403	25.484424	26.405456	34.4154	26.628976	25.88116	27.467195	19.301784	31.351372	21.936725	27.737975	23.023347	24.170118	25.603949	26.624962	26.860517	27.244228	26.974813	27.179765	26.649775	26.833237	26.330314	26.715935	26.363735	26.808535	26.708663	27.028342	26.932858	27.078675	26.81853	27.065584	26.855839	27.09956	26.816125	27.048308	26.953631	27.302553	27.245306	27.372535	27.209965	27.29037	27.073303	27.229533	27.194822	27.29124	27.386677	27.679366	27.567089	27.772162	27.655701	27.709975	27.515596	27.627591	27.586689	27.621935	27.625466	27.928636	27.83968	27.961189	27.89523	28.024918	27.866127	27.888777	27.848029	27.943923	27.978249	28.17458	27.996856	28.100738	28.16826	28.163499	28.169995	28.537163	29.879959	35.436059
	1	2	3	4	5	6	7	8	9	10	11	12	13	14	15	16	17	18	19	20	21	22	23	24	25	26	27	28	29	30	31	32	33	34	35	36	37	38	39	40	41	42	43	44	45	46	47	48	49	50	51	52	53	54	55	56	57	58	59	60	61	62	63	64	65	66	67	68	69	70	71	72	73	74	75	76
LG_EC_ATAC_REP3_R2	15.914132	28.328502	25.566308	26.439568	34.342609	26.641113	25.939595	27.474083	19.381791	31.293866	22.016131	27.701542	23.0746	24.199144	25.654465	26.661825	26.920597	27.281473	27.023165	27.20529	26.645582	26.826351	26.335151	26.728946	26.389345	26.808894	26.72251	27.029808	26.977672	27.052857	26.839029	27.06635	26.877974	27.114435	26.801186	27.043272	26.960648	27.31729	27.244828	27.352527	27.208424	27.256424	27.040268	27.21925	27.133861	27.268865	27.385211	27.698853	27.547304	27.766186	27.618195	27.686703	27.500274	27.633472	27.58204	27.584879	27.627645	27.940192	27.820976	27.976376	27.882589	27.965637	27.843717	27.852094	27.881625	27.923654	27.945564	28.149199	27.968107	28.064918	28.139749	28.144978	28.171555	28.519364	29.822628	35.461253
	1	2	3	4	5	6	7	8	9	10	11	12	13	14	15	16	17	18	19	20	21	22	23	24	25	26	27	28	29	30	31	32	33	34	35	36	37	38	39	40	41	42	43	44	45	46	47	48	49	50
LG_EC_ATAC_REP4_R1	15.120669	28.1796	25.405175	25.827297	34.575904	25.848614	25.375497	27.660883	17.782659	31.519026	21.484434	28.019602	22.133569	23.842891	25.403762	26.603935	26.843242	27.162591	26.785191	27.001173	26.467201	26.82746	26.327559	26.831735	26.450758	26.813725	26.655902	26.935452	26.819636	26.923245	26.661647	26.921897	26.671828	27.009656	26.745834	27.007109	26.882871	27.207157	27.097879	27.172994	27.012066	27.092095	26.905929	27.080223	27.025038	27.185239	27.401935	28.008173	29.242966	34.842162
	1	2	3	4	5	6	7	8	9	10	11	12	13	14	15	16	17	18	19	20	21	22	23	24	25	26	27	28	29	30	31	32	33	34	35	36	37	38	39	40	41	42	43	44	45	46	47	48	49	50
LG_EC_ATAC_REP4_R2	15.168605	28.234932	25.446932	25.806301	34.764299	25.848682	25.418941	27.643665	17.922467	31.47063	21.580421	27.983534	22.203886	23.888815	25.448611	26.653871	26.885626	27.202099	26.847079	27.029621	26.536199	26.836346	26.352568	26.835115	26.495336	26.858774	26.670606	26.956538	26.855928	26.934244	26.697833	26.958764	26.707075	27.038973	26.776704	27.038119	26.902483	27.229375	27.094961	27.195732	27.038447	27.117935	26.935595	27.108838	27.040883	27.219663	27.442533	28.023989	29.358359	34.938514
	1	2	3	4	5	6	7	8	9	10	11	12	13	14	15	16	17	18	19	20	21	22	23	24	25	26	27	28	29	30	31	32	33	34	35	36	37	38	39	40	41	42	43	44	45	46	47	48	49	50
LV_EC_ATAC_REP1_R1	15.716053	28.738966	25.68808	26.254439	35.009294	26.252006	25.688054	28.145348	18.426046	31.73027	22.009101	28.494751	22.619625	24.341797	26.026531	27.205698	27.453084	27.801912	27.434627	27.674369	27.179748	27.511482	26.971515	27.435891	27.046742	27.404257	27.238831	27.528369	27.470638	27.564141	27.354424	27.629113	27.377917	27.684718	27.380827	27.620367	27.472007	27.808707	27.701411	27.816514	27.684747	27.757235	27.605083	27.749821	27.681987	27.841845	28.04334	28.623393	29.953695	35.44367
	1	2	3	4	5	6	7	8	9	10	11	12	13	14	15	16	17	18	19	20	21	22	23	24	25	26	27	28	29	30	31	32	33	34	35	36	37	38	39	40	41	42	43	44	45	46	47	48	49	50
LV_EC_ATAC_REP1_R2	15.756598	28.798975	25.796136	26.29004	35.240839	26.260721	25.779919	28.144914	18.591556	31.676349	22.153712	28.499331	22.716707	24.421333	26.093503	27.262207	27.504698	27.824227	27.513757	27.712217	27.231381	27.544845	27.028623	27.480613	27.096257	27.447207	27.277167	27.571158	27.508766	27.59035	27.399903	27.637273	27.397616	27.689924	27.424349	27.637997	27.502985	27.805094	27.724487	27.828225	27.706005	27.785592	27.632383	27.774961	27.703411	27.868566	28.076509	28.685213	30.043858	35.533559
	1	2	3	4	5	6	7	8	9	10	11	12	13	14	15	16	17	18	19	20	21	22	23	24	25	26	27	28	29	30	31	32	33	34	35	36	37	38	39	40	41	42	43	44	45	46	47	48	49	50	51	52	53	54	55	56	57	58	59	60	61	62	63	64	65	66	67	68	69	70	71	72	73	74	75	76
LV_EC_ATAC_REP2_R1	15.13285	28.516987	25.407517	25.958621	34.830997	25.95538	25.387569	27.918234	18.507335	31.356995	21.781827	28.142771	22.314756	24.055136	25.656553	26.885065	27.084085	27.506398	27.083992	27.285843	26.766359	27.088658	26.549812	27.050236	26.657189	27.050842	26.846444	27.176913	27.059829	27.200178	27.012972	27.287088	26.956104	27.275958	27.011996	27.270691	27.092235	27.420995	27.302869	27.365252	27.250737	27.385219	27.202253	27.36053	27.29157	27.451594	27.462315	27.666093	27.495384	27.659966	27.561424	27.654087	27.452723	27.62727	27.575032	27.686012	27.641424	27.870137	27.708674	27.843055	27.754787	27.837071	27.754596	27.776465	27.771657	27.853138	27.858745	28.046447	27.913121	27.962165	27.973404	28.066513	28.109822	28.542083	30.067739	35.762212
	1	2	3	4	5	6	7	8	9	10	11	12	13	14	15	16	17	18	19	20	21	22	23	24	25	26	27	28	29	30	31	32	33	34	35	36	37	38	39	40	41	42	43	44	45	46	47	48	49	50	51	52	53	54	55	56	57	58	59	60	61	62	63	64	65	66	67	68	69	70	71	72	73	74	75	76
LV_EC_ATAC_REP2_R2	15.090163	28.453993	25.473619	25.993041	34.815506	25.92055	25.458777	27.887333	18.604312	31.282256	21.830812	28.10265	22.406917	24.106462	25.722457	26.890462	27.129854	27.506438	27.090342	27.308145	26.773676	27.123055	26.541147	27.061946	26.706352	27.060529	26.886929	27.160863	27.062639	27.204939	26.971399	27.281194	26.983013	27.345763	27.054278	27.28023	27.082348	27.419371	27.250825	27.354174	27.23363	27.344818	27.220191	27.378011	27.274987	27.422654	27.457791	27.658326	27.477675	27.600098	27.509078	27.581074	27.491124	27.575389	27.54089	27.683685	27.623079	27.826633	27.700366	27.813442	27.69347	27.787066	27.76898	27.811637	27.805458	27.914547	27.881249	28.121128	27.969949	28.063244	28.101883	28.218045	28.326641	28.752506	30.45005	35.975117
	1	2	3	4	5	6	7	8	9	10	11	12	13	14	15	16	17	18	19	20	21	22	23	24	25	26	27	28	29	30	31	32	33	34	35	36	37	38	39	40	41	42	43	44	45	46	47	48	49	50	51	52	53	54	55	56	57	58	59	60	61	62	63	64	65	66	67	68	69	70	71	72	73	74	75	76
LV_EC_ATAC_REP3_R1	15.163097	28.29524	25.37243	25.770753	34.458888	25.718983	25.272119	27.710952	18.584169	31.041286	21.721613	27.846051	22.236374	23.850732	25.475243	26.702723	26.946334	27.330273	27.007321	27.188621	26.697996	26.948011	26.405738	26.888571	26.485065	26.849241	26.674509	26.987599	26.954085	27.008484	26.867366	27.143043	26.844847	27.148081	26.856227	27.078126	26.944884	27.254358	27.127984	27.2332	27.072242	27.21208	27.027716	27.224564	27.14533	27.305394	27.330926	27.50368	27.264972	27.504333	27.35058	27.486876	27.366521	27.473137	27.416398	27.504041	27.452494	27.648964	27.548088	27.672437	27.517842	27.702242	27.58195	27.604954	27.593126	27.726882	27.734175	27.862704	27.693487	27.802298	27.761863	27.868111	27.959924	28.344839	29.916378	35.68047
	1	2	3	4	5	6	7	8	9	10	11	12	13	14	15	16	17	18	19	20	21	22	23	24	25	26	27	28	29	30	31	32	33	34	35	36	37	38	39	40	41	42	43	44	45	46	47	48	49	50	51	52	53	54	55	56	57	58	59	60	61	62	63	64	65	66	67	68	69	70	71	72	73	74	75	76
LV_EC_ATAC_REP3_R2	15.084885	28.208763	25.458261	25.738209	34.495903	25.675494	25.354527	27.666705	18.704917	30.920909	21.787783	27.820416	22.374314	23.949816	25.556764	26.710343	26.980815	27.353567	27.015344	27.152558	26.680022	26.972778	26.466563	26.901942	26.548131	26.833927	26.689453	26.930668	26.889292	27.000478	26.850985	27.108491	26.87828	27.150816	26.874172	27.090733	26.934476	27.205348	27.126287	27.14153	27.114077	27.187842	27.029043	27.164746	27.122872	27.258606	27.297253	27.454993	27.322451	27.396221	27.319912	27.459319	27.289654	27.41812	27.379169	27.500896	27.433973	27.655536	27.531402	27.638463	27.497905	27.683654	27.573496	27.646646	27.619128	27.740806	27.780493	27.884989	27.774529	27.83859	27.914732	28.024084	28.139945	28.572769	30.294937	35.837525

