	1	2	3	4	5	6	7	8	9	10	11	12	13	14	15	16	17	18	19	20	21	22	23	24	25	26	27	28	29	30	31	32	33	34	35	36	37	38	39	40	41	42	43	44	45	46	47	48	49	50
BR_EC_ATAC_REP1_T1_1	0.030446224982489473	0.003064923741060016	0.0	0.0	0.0	0.0	0.0	0.0	0.0	0.0	0.0	0.0	0.0	0.0	0.0	0.0004920231764627166	0.0002763224715951073	2.537655351383638e-05	1.8327510871104053e-05	0.0	0.0	0.0	0.0	0.0001635954673337225	0.0	0.0	0.0	0.0	0.0	4.106571768041285e-05	0.0	0.0	0.0	0.0	0.0	0.0	0.0	0.0	0.0	0.0	0.0	0.0	0.0	0.0	2.995443426053238e-05	0.0	0.0	0.0	0.0	0.0
	1	2	3	4	5	6	7	8	9	10	11	12	13	14	15	16	17	18	19	20	21	22	23	24	25	26	27	28	29	30	31	32	33	34	35	36	37	38	39	40	41	42	43	44	45	46	47	48	49	50
BR_EC_ATAC_REP1_T1_2	0.01549238592019711	0.02361711247021039	0.04098313392484576	0.04968165254597745	0.051974001213394	0.02088913296747298	0.01629879639852569	0.007896337568388754	0.001562067849629484	0.004211098074768293	0.004659417186846069	0.0027533560562512474	0.007188613687058428	0.0073465122422556334	0.002561622096368928	0.0020371733237496427	0.008082432294156889	0.008284034913739033	0.0094936506312319	0.0043718162470225905	0.0024704028605234654	0.006485680593134457	0.004164832417396938	0.006875013426658608	0.0051392166967578175	0.0041060449461789925	0.0069382778318661485	0.008837306085901556	0.011787938886104604	0.007834733202753503	0.007043549694979421	0.004852836939386123	0.004340812655809749	0.00756662567544297	0.006566283941431827	0.0016629748434160935	0.000741584238039653	0.005264606099742247	0.0098700261656947	0.011495507414602283	0.008649850138722909	0.004828293563347022	0.0036834172309981	0.006473407448153763	0.003829312457633581	0.004616461855808337	0.0	0.0009506598831802557	0.0009264730813716976	0.0
	1	2	3	4	5	6	7	8	9	10	11	12	13	14	15	16	17	18	19	20	21	22	23	24	25	26	27	28	29	30	31	32	33	34	35	36	37	38	39	40	41	42	43	44	45	46	47	48	49	50
BR_EC_ATAC_REP2_T1_1	0.03062669226797651	0.002975216356808922	0.0	0.0	0.0	0.0	0.0	0.0	0.0	0.0	0.0	0.0	0.0	0.0	0.0	0.0005062263184789506	0.0002788791694614578	1.3640828941049567e-05	1.2125181280932948e-05	0.0	0.0	0.0	0.0	0.00013190369338376986	0.0	0.0	0.0	0.0	0.0	2.2809977558631677e-05	0.0	0.0	0.0	0.0	0.0	0.0	0.0	0.0	0.0	0.0	0.0	0.0	0.0	0.0	1.6683462464445038e-05	0.0	0.0	0.0	0.0	0.0
	1	2	3	4	5	6	7	8	9	10	11	12	13	14	15	16	17	18	19	20	21	22	23	24	25	26	27	28	29	30	31	32	33	34	35	36	37	38	39	40	41	42	43	44	45	46	47	48	49	50
BR_EC_ATAC_REP2_T1_2	0.014766955152516213	0.022605884850639364	0.03900822382842141	0.04695021756743249	0.0493403939274364	0.020224802376596157	0.01589308136398286	0.007773756848738136	0.001418646209869155	0.004061935729112538	0.0046788043267800014	0.0026599616435046655	0.006946213226314463	0.007256920996638369	0.0024977873438721872	0.0019294194713284554	0.007923805967089682	0.008220872908472537	0.009289404508854755	0.004090733034654753	0.002460143104841871	0.006449130256558499	0.004163337209815699	0.006793237520075874	0.005166688016345599	0.004128603793713659	0.006770059636622171	0.008554754178561476	0.011377920431717065	0.007525717393536314	0.006762726506055236	0.004580107140083925	0.0038449842021002975	0.007298827814360819	0.006342261035036799	0.0016385883687248695	0.0007320632206701966	0.00514368976133966	0.00939796018792459	0.010936434593714552	0.008169843645570772	0.004386255504156062	0.003176972362987919	0.005682193527677464	0.00340857550408891	0.004225372762724515	0.0	0.0008379453522544623	0.0008160816737708359	0.0
	1	2	3	4	5	6	7	8	9	10	12	14	16	18	20	22	24	26	28	30	32	34	36	38	40	42	44	46	48	50	52	54	56	58	60	62	64	66	68	70	72	74	76
BR_EC_ATAC_REP3_T1_1	9.406930076412067	0.0071175222909334	0.0	0.00014852345178341625	0.0008308030584134845	0.00010675123096933041	0.0	0.0009862885469992485	0.0003156123350397595	0.0	0.0	4.873425761643345e-05	0.0002726797747586157	0.0	8.00681958229954e-05	8.124713705400806e-06	0.000157876818678555	0.0004810461987938522	0.001313592428541825	0.0018217379730822146	0.0021162496971220152	0.0013632566276236338	0.0011867780553373268	0.002658512550423357	0.0021672712047489094	0.0008120210289724541	0.0019168859821648936	0.0019515655563816172	0.000476584473319783	0.0009549580073578474	0.0013526908933913103	1.4311344085658165e-05	0.0003079283092178537	0.0016867149881663538	0.0004359523484552473	5.2005561295395404e-05	0.00018663718760006918	0.0010788179433727316	3.92216010457577e-06	0.0009441143678807058	0.0019114513724904996	0.0024638063457253752	0.0
	1	2	3	4	5	6	7	8	9	10	12	14	16	18	20	22	24	26	28	30	32	34	36	38	40	42	44	46	48	50	52	54	56	58	60	62	64	66	68	70	72	74	76
BR_EC_ATAC_REP3_T1_2	8.359644804308516	0.022464172082241708	2.3206789341158785e-05	0.0007194104695759224	0.0	3.24895050776223e-05	0.0001183546256399098	0.0006451487436842143	0.17462876911328576	0.021367651285871953	0.03071534603249071	0.00921193502897298	0.00014620277284930035	0.00020770076460337113	0.0012300596452440677	0.0036844594561338518	0.006662663262972334	0.0002615316481249058	0.0	0.0009341957320116314	0.00478068981238167	4.602939845748877e-05	0.0014734443217667395	0.013590948755562212	0.0026683991734364697	0.00026756583754365584	0.0004823357045695161	0.003307425725729087	7.235392437266832e-05	0.005575609196427698	0.0010417415354185343	0.0027364885875987314	0.0004460383763489439	0.007575293357833594	0.008910830220248092	0.003536746016377206	0.00729207543316693	0.009761252312854792	9.880614901492838e-05	0.003453186057014358	0.0025811263338059586	0.0037989447145134565	0.0
	1	2	3	4	5	6	7	8	9	10	12	14	16	18	20	22	24	26	28	30	32	34	36	38	40	42	44	46	48	50	52	54	56	58	60	62	64	66	68	70	72	74	76
BR_EC_ATAC_REP4_T1_1	9.489755650441591	0.007983756378203135	0.0	0.00017108049381863862	0.0009074704454727786	0.00016116278403205088	0.0	0.0011008657863112398	0.00031736671317080786	0.0	0.0	3.471198425305711e-05	0.0002851341563643977	1.2397137233234682e-06	6.69487432115369e-05	7.4402018883902006e-06	0.000121540415629775	0.0004729576354839284	0.0012759343617538563	0.0019225805627379584	0.002134518773617803	0.001392452120992111	0.001271869442830173	0.002735552533519827	0.002310281183701327	0.0007879438269120251	0.0020515442760331718	0.0019767373884045686	0.000488283707109036	0.0009128325322345713	0.001385821873885479	1.6424112364185116e-05	0.00030027993214962873	0.0016871189566814498	0.0004170490660553097	3.6818511670207166e-05	0.00016318014575781903	0.001140622026776953	2.0114847330018526e-06	0.0009489088105646721	0.0018253405763584054	0.0023295420692257002	0.0
	1	2	3	4	5	6	7	8	9	10	12	14	16	18	20	22	24	26	28	30	32	34	36	38	40	42	44	46	48	50	52	54	56	58	60	62	64	66	68	70	72	74	76
BR_EC_ATAC_REP4_T1_2	8.439916480982346	0.024100034781408222	1.983541957317549e-05	0.0007711019359071973	0.0	2.975312935976324e-05	0.000116533089992406	0.0006322539988949688	0.17855348814283248	0.021517711095725436	0.03076845489916516	0.009822251829891838	0.00017355992126528554	0.00023058675253816507	0.0012336205718616157	0.003906622979790692	0.007124294652341678	0.00029679260085863215	0.0	0.0009724643777809641	0.004982775139470779	4.523845870158486e-05	0.0014674755951185282	0.013906349478689201	0.002785909747699592	0.00028805832768843677	0.0005496761195549506	0.003285723615290134	8.37977173382086e-05	0.005871395613975207	0.0011253139418980198	0.0028285170595738246	0.0004272643183209731	0.007851223465977678	0.009613367542157799	0.0036331779292654294	0.007513953667641305	0.010449022623512478	9.528389136006423e-05	0.0035413326009579764	0.002432978336674767	0.003699021428017504	0.0
	1	2	3	4	5	6	7	8	9	10	12	14	16	18	20	22	24	26	28	30	32	34	36	38	40	42	44	46	48	50	52	54	56	58	60	62	64	66	68	70	72	74	76
LG_EC_ATAC_REP1_T1_1	9.45499614124587	0.007220338019057594	0.0	0.0001544006963639843	0.0008337637603655153	9.825498859526274e-05	2.8072853884360785e-06	0.0010555393060519655	0.00027792125345517176	0.0	0.0	6.316392123981176e-05	0.00027792125345517176	4.210928082654118e-06	6.176318537676857e-05	2.8082475760049397e-06	0.00013623415454579456	0.00047100926712842066	0.0013323799477325978	0.0018567175723107582	0.0020643357848303457	0.0013677735179723725	0.0011672667697059415	0.002782053243274281	0.0022028642320950234	0.0008213662257043659	0.001947403158441286	0.002096040238773105	0.00045451038493734403	0.0009094213015435574	0.0015041636975534841	1.961879974537414e-05	0.00031574295759357007	0.001829374830496242	0.00049442485047872	5.1692406814485926e-05	0.00017500915567129015	0.001318802227900305	5.8302391768168704e-06	0.0010271238950979031	0.0019558036715928745	0.0026608884609811635	0.0
	1	2	3	4	5	6	7	8	9	10	12	14	16	18	20	22	24	26	28	30	32	34	36	38	40	42	44	46	48	50	52	54	56	58	60	62	64	66	68	70	72	74	76
LG_EC_ATAC_REP1_T1_2	8.397376636721072	0.022351606262728058	2.526556849592471e-05	0.0008084981918695907	0.0	3.93019954381051e-05	0.00011229141553744315	0.0006990140617205836	0.1758202838777516	0.021783130971569753	0.03086189191777203	0.009345453058103704	0.00013755698403336783	0.00019931726257896155	0.0012493201031550977	0.003621554899359952	0.006693429897777208	0.00023626366896073531	0.0	0.0008883342836762782	0.004844098351684667	5.147957592154947e-05	0.0016043067680640906	0.013692516146021535	0.002860179857851559	0.0002511780945822206	0.00047487293848785675	0.003399491055886621	0.00012134837153139901	0.006025418138127543	0.0010487228958451908	0.0030266076811546984	0.0005318760784675862	0.008662596578736324	0.009749784266717828	0.003797758104325063	0.008375506711401599	0.010962861875519422	0.00012891102877212127	0.004052785447818654	0.0030304065675148457	0.004568704493252602	0.0
	1	2	3	4	5	6	7	8	9	10	12	14	16	18	20	22	24	26	28	30	32	34	36	38	40	42	44	46	48	50	52	54	56	58	60	62	64	66	68	70	72	74	76
LG_EC_ATAC_REP2_T1_1	9.098291233086343	0.004562578645419126	0.0	0.00018826174022360475	0.0008453321276706958	3.691406671051073e-05	0.0	0.0004355859871840267	0.000251015653631473	0.0	0.0	5.167969339471503e-05	0.0002620898736446262	0.0	6.460290889917436e-05	7.385265287960725e-06	0.00014220013076502415	0.0004658560857045054	0.0012838681448120149	0.0017812464123798748	0.002031149279708354	0.0014382650722903757	0.0010631111242764687	0.002614355821544387	0.002068704600051601	0.0007964940292124194	0.0018974554295765338	0.002049111726534724	0.0004902331393611366	0.0009673734521799645	0.0014872577575041313	2.260646940638237e-05	0.00032916979019636877	0.0017757885645898848	0.0005113483967780549	7.023231444973684e-05	0.00023697387704526754	0.0012682348275235157	3.7752870615022953e-06	0.000977800487085446	0.0017518944340118884	0.002740450336591783	0.0
	1	2	3	4	5	6	7	8	9	10	12	14	16	18	20	22	24	26	28	30	32	34	36	38	40	42	44	46	48	50	52	54	56	58	60	62	64	66	68	70	72	74	76
LG_EC_ATAC_REP2_T1_2	8.006450659329529	0.015256583771454087	1.4765626684204295e-05	0.0008047266542891339	0.0	1.107422001315322e-05	0.00011812501347363436	0.0006533789807760401	0.1558142755850658	0.021303107898635744	0.029686292448592732	0.00916391706088429	4.429688005261288e-05	7.198243008549593e-05	0.0011997924248354965	0.003329283290063114	0.005428758006009611	8.691273251559917e-05	0.0	0.0006722619344044793	0.004694270721973606	4.88524861039573e-05	0.001331384761638576	0.013728350950168588	0.0026454547264769496	0.00031559157801226565	0.0002506852324149793	0.0032144784634774094	9.873471463199104e-05	0.005693492090996856	0.0007374356563754055	0.002899199180538376	0.000505793311966442	0.008213212895234865	0.0068690907290624255	0.0038575180674990392	0.00804428589602291	0.008431687172559122	0.00014451747478683483	0.00383564573707635	0.002901276187561999	0.0043229692114227555	0.0
	1	2	3	4	5	6	7	8	9	10	12	14	16	18	20	22	24	26	28	30	32	34	36	38	40	42	44	46	48	50	52	54	56	58	60	62	64	66	68	70	72	74	76
LG_EC_ATAC_REP3_T1_1	9.455724849921742	0.006889593693521154	0.0	0.00015478368258035544	0.0008220733363712211	0.00011006839650158607	6.8792747813491294e-06	0.000870228259840665	0.00033708446428610736	0.0	0.0	4.643510477410663e-05	0.0002579728043005924	1.7198186953372824e-06	7.051552923082813e-05	1.0323338133972325e-05	0.00014457958734507266	0.0004997101594918024	0.001255924816673035	0.0019326261854699502	0.002101970566032961	0.0014031979319918256	0.0012426964015762123	0.0027903981190743484	0.002297613929874378	0.0008316261164758095	0.0020664182178668183	0.0021077971930067462	0.0005609596369506941	0.0010271599865876609	0.001542399993540553	1.3567339917870922e-05	0.0003357864430093716	0.0019012677594005066	0.00044528950497165734	2.2509914652693886e-05	0.00021724186519453775	0.0012641223125853588	3.5992874418665584e-06	0.0011910713273436588	0.001917552792118912	0.002680205777039364	0.0
	1	2	3	4	5	6	7	8	9	10	12	14	16	18	20	22	24	26	28	30	32	34	36	38	40	42	44	46	48	50	52	54	56	58	60	62	64	66	68	70	72	74	76
LG_EC_ATAC_REP3_T1_2	8.424628188956618	0.021803861419486068	2.0637824344047392e-05	0.000760159863339079	0.0	2.7517099125396518e-05	0.0001410251330176572	0.000577859081633327	0.17405253124291434	0.021561366983443513	0.030385756709219107	0.009498558654347813	0.00013758549562698262	0.00018574041909642653	0.001314022884155708	0.003680661220894083	0.0067982823775471655	0.00023613566093690666	0.0	0.000892913415263177	0.00495602305551691	3.69025425640955e-05	0.0014660622996803966	0.013988982218734923	0.002715310687189003	0.0002842607675897568	0.0004692224717040187	0.003567144401781567	0.00011330556182539227	0.006235324819241743	0.0009593941358615149	0.003151859557706809	0.0004906774983914621	0.008582969339166772	0.009660604415063744	0.0038313080550492155	0.008247244675106225	0.01084180242975753	9.054362063874468e-05	0.004272921513484556	0.002655198289506446	0.004637366355174423	0.0
	1	2	3	4	5	6	7	8	9	10	11	12	13	14	15	16	17	18	19	20	21	22	23	24	25	26	27	28	29	30	31	32	33	34	35	36	37	38	39	40	41	42	43	44	45	46	47	48	49	50
LG_EC_ATAC_REP4_T1_1	0.030336292645109227	0.002937483284504312	0.0	0.0	0.0	0.0	0.0	0.0	0.0	0.0	0.0	0.0	0.0	0.0	0.0	0.0005058843715464134	0.0003102384819980767	2.93468834322505e-05	1.8167118315202688e-05	0.0	0.0	0.0	0.0	0.00015110720736834002	0.0	0.0	0.0	0.0	0.0	4.581011306899497e-05	0.0	0.0	0.0	0.0	0.0	0.0	0.0	0.0	0.0	0.0	0.0	0.0	0.0	0.0	2.3841422253913906e-05	0.0	0.0	0.0	0.0	0.0
	1	2	3	4	5	6	7	8	9	10	11	12	13	14	15	16	17	18	19	20	21	22	23	24	25	26	27	28	29	30	31	32	33	34	35	36	37	38	39	40	41	42	43	44	45	46	47	48	49	50
LG_EC_ATAC_REP4_T1_2	0.014141005402425848	0.021910942158774073	0.0375444462043258	0.04502510653827042	0.04697737302183489	0.019575768719950714	0.01537636944785963	0.007329733504864469	0.001334584460847582	0.0038444417296248155	0.004460726281702076	0.0027208753353615105	0.006745590777498722	0.007005520316470083	0.002498677503660185	0.0019424841890870567	0.007508609746737234	0.007961390233977671	0.0088334119131074	0.003956239380795293	0.0024330130849713576	0.006519259641340648	0.0042762446454297255	0.007278876397015975	0.005569960986172304	0.004433391599715469	0.007366190346488538	0.009288650151368871	0.012400746279941859	0.008044641457690927	0.0072710134104921505	0.004912980085479529	0.0039547273448126774	0.0073818695295201344	0.006650276090417915	0.001851906640593265	0.0008211563818697314	0.005502029509594091	0.010093813769898048	0.011675681072139833	0.008769016549691859	0.004557443682555184	0.0031491442585335665	0.005755364377152761	0.0034271735106228803	0.004275729035150955	0.0	0.0007869160293407576	0.0009859895721016972	0.0
	1	2	3	4	5	6	7	8	9	10	11	12	13	14	15	16	17	18	19	20	21	22	23	24	25	26	27	28	29	30	31	32	33	34	35	36	37	38	39	40	41	42	43	44	45	46	47	48	49	50
LV_EC_ATAC_REP1_T1_1	0.03022137972634476	0.003075441480867809	0.0	0.0	0.0	0.0	0.0	0.0	0.0	0.0	0.0	0.0	0.0	0.0	0.0	0.0004957381669514053	0.0002952672467735643	1.5540381409134965e-05	2.1756533972788945e-05	0.0	0.0	0.0	0.0	0.00015234266092728645	0.0	0.0	0.0	0.0	0.0	3.430253161414866e-05	0.0	0.0	0.0	0.0	0.0	0.0	0.0	0.0	0.0	0.0	0.0	0.0	0.0	0.0	2.5765691065379033e-05	0.0	0.0	0.0	0.0	0.0
	1	2	3	4	5	6	7	8	9	10	11	12	13	14	15	16	17	18	19	20	21	22	23	24	25	26	27	28	29	30	31	32	33	34	35	36	37	38	39	40	41	42	43	44	45	46	47	48	49	50
LV_EC_ATAC_REP1_T1_2	0.014514716236132055	0.02217457023269468	0.038101907138917104	0.04623574276845834	0.048426936547146374	0.020160536802070788	0.015625853506885203	0.007432964427989253	0.0014048504793858006	0.003996986098429513	0.004474075807689956	0.002655851182821165	0.007028914511351744	0.0070584412360291	0.0025688250469300096	0.001909912875182687	0.007745326094312865	0.007796609352963011	0.008921732966984381	0.004306239688471298	0.0024245585399557145	0.006146168381635212	0.004024742731651188	0.006659042739051628	0.0048715554464487465	0.0040497209938189505	0.006781618893496869	0.008568123301103991	0.011439509606507057	0.007514099192411387	0.006748774782881505	0.004741744908711493	0.004025523413014778	0.007150671234620459	0.006111308779149307	0.0015938388213386926	0.0006938815478144168	0.005096755979669276	0.00960738679612261	0.011227872285423374	0.00833325937517613	0.004761842430184912	0.003471183937129109	0.006218946728835721	0.003622937052330499	0.004433155933618266	0.0	0.0008362901722924642	0.000838824420184667	0.0
	1	2	3	4	5	6	7	8	9	10	12	14	16	18	20	22	24	26	28	30	32	34	36	38	40	42	44	46	48	50	52	54	56	58	60	62	64	66	68	70	72	74	76
LV_EC_ATAC_REP2_T1_1	0.3874665154006569	0.0	0.002218835851199828	0.0031838143238823013	0.0	0.003761572135552063	0.0	0.0	0.0	4.6097697739608606e-05	0.0	0.0016871757372696752	3.0731798493072406e-06	1.5365899246536202e-05	0.0032177773253834873	0.0	3.074927590836359e-06	0.0010863353142898857	0.0018758081709710293	0.0005194553819519866	2.788261727932264e-05	0.0027584233760054484	0.0025766342884288194	0.003964698376851205	1.3083707532820316e-05	0.0012988976218963396	0.0009864875012206057	0.0040916875858482546	0.007388491467311458	0.0007793879991849615	0.004443911567003355	0.0001618039706220818	0.0025672087742321455	0.00011255859143678417	0.0048980446595769285	0.0043626183874903935	0.0013236065956667281	9.262040873108512e-06	0.004271582658953653	0.0046689903196104575	0.0011812991261415438	0.0018913072950344535	0.0
	1	2	3	4	5	6	7	8	9	10	12	14	16	18	20	22	24	26	28	30	32	34	36	38	40	42	44	46	48	50	52	54	56	58	60	62	64	66	68	70	72	74	76
LV_EC_ATAC_REP2_T1_2	0.9382295152741034	0.003509571387908869	0.007277289883159546	4.917087758891585e-05	0.0015796144425439219	0.0018869324274746458	0.0006207823295600627	0.0033620587551421214	0.0004240988192043992	0.005593187325739178	0.0011893206016819022	0.0006545873079024424	0.0020221523408441642	0.003435815071525495	0.003347327354291516	0.00227650314964978	0.004531952311177146	0.0001818937363843675	0.00018554711085985284	0.004434422718012734	0.0005222986225586309	0.0005402111644848068	0.0004609607014584228	0.0027543256990782694	0.00015472467599829843	0.0027253273427527546	0.0005670225330232358	0.0006055832409818891	0.0004636774071159394	0.00031719387939669426	0.0003189094727236339	0.0002045293136826381	0.0003019466791945585	0.004130720500178778	0.0022843198086168037	0.002173872522588175	0.0005092287762589027	0.004204019539518452	0.002620860204745343	0.003931276206177077	0.00043511064890332745	0.0012557844571557738	0.0
	1	2	3	4	5	6	7	8	9	10	12	14	16	18	20	22	24	26	28	30	32	34	36	38	40	42	44	46	48	50	52	54	56	58	60	62	64	66	68	70	72	74	76
LV_EC_ATAC_REP3_T1_1	0.39030118325021335	0.0	0.002124522109792995	0.0030340619267650755	0.0	0.0033734424554860017	0.0	0.0	0.0	0.00011199557447790547	0.0	0.001612057511424397	2.0362831723255544e-05	2.37566370104648e-05	0.0034177520348606634	0.0	3.3956890505055773e-06	0.000985669252768218	0.0020316134044216223	0.0006049184587005764	3.08290264327045e-05	0.0028647494030367786	0.0026919493810568427	0.004118791480593787	1.0908290835541263e-05	0.001348414349001471	0.0012042727132684952	0.004288023470816974	0.007605341349589734	0.0009302836586414617	0.004785172900553198	0.00014811641699026364	0.0028022991822613075	9.533448748441699e-05	0.005105769215706854	0.004611997113574557	0.0015720565342659553	0.0	0.004765626226701116	0.005125976834553938	0.0014275182037943787	0.002222775677478629	0.0
	1	2	3	4	5	6	7	8	9	10	12	14	16	18	20	22	24	26	28	30	32	34	36	38	40	42	44	46	48	50	52	54	56	58	60	62	64	66	68	70	72	74	76
LV_EC_ATAC_REP3_T1_2	0.9384686132402527	0.003529557498697627	0.006984451281076651	8.145132689302218e-05	0.001452548662925562	0.002036283172325554	0.0005565840671023181	0.0032173274122743755	0.0003054424758488331	0.005586203502746437	0.0011504999923639381	0.000580340704112783	0.00205664600404881	0.003275022102156933	0.0035267755583795407	0.0020755734994716123	0.004555264588974227	0.00015319180226410677	0.0002117812617920746	0.004505784639392976	0.0005154126065181759	0.0005833372912826076	0.00037723383995721607	0.002873670691101044	0.00012800307090338788	0.0026546221232135315	0.0005290089651071522	0.0006065592432840034	0.00042198907279981723	0.0003364014565586914	0.0003787202882924524	0.00021868435482921573	0.00027321991221067364	0.0041874899563393445	0.002334964625285927	0.0021188982368446707	0.000522019751948998	0.004176350648604336	0.0027001661969383874	0.004049907594903129	0.0003328873054412403	0.0012517581116533465	0.0

