	15.0	16.0	17.0	18.0	19.0	20.0	21.0	22.0	23.0	24.0	25.0	26.0	27.0	28.0	29.0	30.0	31.0	32.0	33.0	34.0	35.0	36.0	37.0
BR_EC_ATAC_REP1_T1_1	4.0	37.0	104.0	163.0	352.0	1090.0	3792.0	12444.0	34913.0	82056.0	161971.0	280321.0	439415.0	635527.0	873555.0	1148835.0	1487202.0	1914916.0	2502098.0	3432971.0	5275888.0	11457435.0	41186529.0
	5.0	6.0	7.0	8.0	9.0	10.0	11.0	12.0	13.0	14.0	15.0	16.0	17.0	18.0	19.0	20.0	21.0	22.0	23.0	24.0	25.0	26.0	27.0	28.0	29.0	30.0	31.0	32.0	33.0	34.0	35.0	36.0	37.0
BR_EC_ATAC_REP1_T1_2	2.0	5.0	6.0	33.0	75.0	78.0	176.0	298.0	244.0	277.0	641.0	2430.0	9010.0	30832.0	82265.0	166157.0	260067.0	351091.0	438668.0	528860.0	620559.0	723780.0	835917.0	968434.0	1120680.0	1314940.0	1562195.0	1899393.0	2389818.0	3197460.0	4808498.0	10185895.0	39432834.0
	15.0	16.0	17.0	18.0	19.0	20.0	21.0	22.0	23.0	24.0	25.0	26.0	27.0	28.0	29.0	30.0	31.0	32.0	33.0	34.0	35.0	36.0	37.0
BR_EC_ATAC_REP2_T1_1	1.0	25.0	103.0	169.0	327.0	967.0	3351.0	11007.0	31005.0	72933.0	145430.0	253156.0	398430.0	579395.0	798317.0	1055816.0	1370640.0	1774302.0	2334693.0	3231725.0	5012068.0	10966979.0	37937556.0
	6.0	7.0	8.0	9.0	10.0	11.0	12.0	13.0	14.0	15.0	16.0	17.0	18.0	19.0	20.0	21.0	22.0	23.0	24.0	25.0	26.0	27.0	28.0	29.0	30.0	31.0	32.0	33.0	34.0	35.0	36.0	37.0
BR_EC_ATAC_REP2_T1_2	3.0	6.0	30.0	57.0	56.0	157.0	276.0	222.0	238.0	459.0	1587.0	6037.0	19337.0	53361.0	109940.0	176658.0	243973.0	312018.0	382607.0	459696.0	544417.0	641655.0	754470.0	890260.0	1061562.0	1284167.0	1588675.0	2042560.0	2795162.0	4303521.0	9360627.0	38944601.0
	14.0	15.0	16.0	17.0	18.0	19.0	20.0	21.0	22.0	23.0	24.0	25.0	26.0	27.0	28.0	29.0	30.0	31.0	32.0	33.0	34.0	35.0	36.0	37.0	38.0	39.0	40.0
BR_EC_ATAC_REP3_T1_1	1.0	0.0	0.0	11.0	52.0	184.0	451.0	1317.0	3208.0	6932.0	14244.0	27500.0	49436.0	84175.0	134138.0	199076.0	281229.0	379672.0	494495.0	626515.0	780887.0	974063.0	1238477.0	1664220.0	2631147.0	7820225.0	25679183.0
	12.0	13.0	14.0	15.0	16.0	17.0	18.0	19.0	20.0	21.0	22.0	23.0	24.0	25.0	26.0	27.0	28.0	29.0	30.0	31.0	32.0	33.0	34.0	35.0	36.0	37.0	38.0	39.0	40.0
BR_EC_ATAC_REP3_T1_2	11.0	725.0	3339.0	7661.0	20187.0	45028.0	75420.0	104712.0	133350.0	154862.0	169235.0	182262.0	196883.0	213817.0	233497.0	256445.0	285467.0	319760.0	360832.0	413468.0	478521.0	562712.0	676863.0	844164.0	1104093.0	1564984.0	2697523.0	8542081.0	23442936.0
	14.0	15.0	16.0	17.0	18.0	19.0	20.0	21.0	22.0	23.0	24.0	25.0	26.0	27.0	28.0	29.0	30.0	31.0	32.0	33.0	34.0	35.0	36.0	37.0	38.0	39.0	40.0
BR_EC_ATAC_REP4_T1_1	1.0	1.0	6.0	13.0	35.0	117.0	377.0	1176.0	2804.0	6584.0	13210.0	26360.0	47723.0	81268.0	128897.0	190340.0	266207.0	357889.0	462134.0	584158.0	724526.0	899147.0	1139538.0	1529241.0	2405941.0	7059574.0	24404625.0
	12.0	13.0	14.0	15.0	16.0	17.0	18.0	19.0	20.0	21.0	22.0	23.0	24.0	25.0	26.0	27.0	28.0	29.0	30.0	31.0	32.0	33.0	34.0	35.0	36.0	37.0	38.0	39.0	40.0
BR_EC_ATAC_REP4_T1_2	3.0	459.0	2625.0	6830.0	19415.0	45349.0	76054.0	103835.0	132526.0	151808.0	165197.0	178872.0	190948.0	206838.0	224070.0	246371.0	272807.0	303817.0	342622.0	390251.0	450054.0	529390.0	633967.0	790472.0	1029405.0	1460700.0	2507240.0	7879829.0	21990138.0
	12.0	13.0	14.0	15.0	16.0	17.0	18.0	19.0	20.0	21.0	22.0	23.0	24.0	25.0	26.0	27.0	28.0	29.0	30.0	31.0	32.0	33.0	34.0	35.0	36.0	37.0	38.0	39.0	40.0
LG_EC_ATAC_REP1_T1_1	1.0	0.0	1.0	2.0	3.0	10.0	18.0	114.0	339.0	1022.0	2376.0	5028.0	10418.0	20370.0	36914.0	63104.0	100790.0	151795.0	214683.0	290945.0	380140.0	484186.0	608320.0	759745.0	972240.0	1327636.0	2153655.0	6958800.0	21078946.0
	12.0	13.0	14.0	15.0	16.0	17.0	18.0	19.0	20.0	21.0	22.0	23.0	24.0	25.0	26.0	27.0	28.0	29.0	30.0	31.0	32.0	33.0	34.0	35.0	36.0	37.0	38.0	39.0	40.0
LG_EC_ATAC_REP1_T1_2	11.0	437.0	1757.0	3541.0	9724.0	23022.0	39183.0	53124.0	66938.0	77128.0	84524.0	91164.0	99701.0	109680.0	122878.0	138904.0	157372.0	181603.0	211310.0	247384.0	293637.0	356475.0	440641.0	567551.0	768407.0	1135849.0	2090565.0	7547523.0	20701568.0
	15.0	16.0	17.0	18.0	19.0	20.0	21.0	22.0	23.0	24.0	25.0	26.0	27.0	28.0	29.0	30.0	31.0	32.0	33.0	34.0	35.0	36.0	37.0	38.0	39.0	40.0
LG_EC_ATAC_REP2_T1_1	2.0	6.0	9.0	44.0	136.0	348.0	940.0	2230.0	4790.0	9645.0	18293.0	33061.0	55551.0	88215.0	131697.0	187251.0	253640.0	333288.0	425243.0	535995.0	675235.0	872149.0	1204103.0	1989325.0	6189460.0	14079288.0
	12.0	13.0	14.0	15.0	16.0	17.0	18.0	19.0	20.0	21.0	22.0	23.0	24.0	25.0	26.0	27.0	28.0	29.0	30.0	31.0	32.0	33.0	34.0	35.0	36.0	37.0	38.0	39.0	40.0
LG_EC_ATAC_REP2_T1_2	9.0	403.0	1606.0	4092.0	13237.0	30520.0	47071.0	56918.0	61543.0	61276.0	58886.0	57170.0	56680.0	58441.0	62386.0	67535.0	75592.0	85233.0	99916.0	116561.0	141393.0	175346.0	226683.0	305259.0	440710.0	702173.0	1426174.0	5821845.0	16835286.0
	15.0	16.0	17.0	18.0	19.0	20.0	21.0	22.0	23.0	24.0	25.0	26.0	27.0	28.0	29.0	30.0	31.0	32.0	33.0	34.0	35.0	36.0	37.0	38.0	39.0	40.0
LG_EC_ATAC_REP3_T1_1	3.0	3.0	9.0	41.0	110.0	339.0	978.0	2426.0	5149.0	10092.0	18894.0	33777.0	56241.0	89378.0	132234.0	185940.0	250791.0	327156.0	413221.0	519543.0	650724.0	832908.0	1133657.0	1839501.0	5840569.0	16729148.0
	12.0	13.0	14.0	15.0	16.0	17.0	18.0	19.0	20.0	21.0	22.0	23.0	24.0	25.0	26.0	27.0	28.0	29.0	30.0	31.0	32.0	33.0	34.0	35.0	36.0	37.0	38.0	39.0	40.0
LG_EC_ATAC_REP3_T1_2	4.0	349.0	1439.0	3034.0	8867.0	21994.0	37670.0	52480.0	64695.0	74746.0	80855.0	86446.0	93311.0	100764.0	111126.0	124192.0	139386.0	158358.0	180774.0	210168.0	248434.0	297966.0	367391.0	468563.0	629750.0	925937.0	1698446.0	6160534.0	16725153.0
	15.0	16.0	17.0	18.0	19.0	20.0	21.0	22.0	23.0	24.0	25.0	26.0	27.0	28.0	29.0	30.0	31.0	32.0	33.0	34.0	35.0	36.0	37.0
LG_EC_ATAC_REP4_T1_1	3.0	23.0	104.0	194.0	345.0	1190.0	3974.0	12761.0	35404.0	82613.0	163480.0	284015.0	444512.0	645123.0	887333.0	1173335.0	1520852.0	1968376.0	2595967.0	3600136.0	5659959.0	13682520.0	38795635.0
	6.0	7.0	8.0	9.0	10.0	11.0	12.0	13.0	14.0	15.0	16.0	17.0	18.0	19.0	20.0	21.0	22.0	23.0	24.0	25.0	26.0	27.0	28.0	29.0	30.0	31.0	32.0	33.0	34.0	35.0	36.0	37.0
LG_EC_ATAC_REP4_T1_2	3.0	10.0	36.0	76.0	85.0	175.0	316.0	263.0	278.0	672.0	3455.0	11442.0	28997.0	65495.0	126831.0	195791.0	264281.0	333169.0	406568.0	485531.0	574381.0	677617.0	797803.0	944213.0	1125369.0	1370483.0	1703495.0	2206731.0	3042197.0	4781321.0	12798880.0	39611890.0
	15.0	16.0	17.0	18.0	19.0	20.0	21.0	22.0	23.0	24.0	25.0	26.0	27.0	28.0	29.0	30.0	31.0	32.0	33.0	34.0	35.0	36.0	37.0
LV_EC_ATAC_REP1_T1_1	1.0	27.0	109.0	143.0	308.0	895.0	3285.0	10581.0	30440.0	72455.0	145283.0	252554.0	396378.0	575466.0	787193.0	1038741.0	1342696.0	1729623.0	2264509.0	3111636.0	4787349.0	10425541.0	37373272.0
	6.0	7.0	8.0	9.0	10.0	11.0	12.0	13.0	14.0	15.0	16.0	17.0	18.0	19.0	20.0	21.0	22.0	23.0	24.0	25.0	26.0	27.0	28.0	29.0	30.0	31.0	32.0	33.0	34.0	35.0	36.0	37.0
LV_EC_ATAC_REP1_T1_2	2.0	11.0	24.0	42.0	78.0	153.0	258.0	216.0	209.0	429.0	1643.0	6554.0	22266.0	61546.0	127502.0	204416.0	279524.0	350856.0	424876.0	503926.0	589021.0	685718.0	796026.0	928665.0	1094744.0	1309439.0	1603663.0	2039339.0	2754011.0	4191456.0	9003063.0	37368809.0
	15.0	16.0	17.0	18.0	19.0	20.0	21.0	22.0	23.0	24.0	25.0	26.0	27.0	28.0	29.0	30.0	31.0	32.0	33.0	34.0	35.0	36.0	37.0	38.0	39.0	40.0
LV_EC_ATAC_REP2_T1_1	4.0	2.0	21.0	62.0	147.0	446.0	1140.0	2564.0	5406.0	10819.0	19626.0	33299.0	52513.0	77286.0	108019.0	142901.0	183005.0	228418.0	278878.0	339427.0	417562.0	522468.0	698958.0	1102791.0	2666105.0	9377926.0
	11.0	12.0	13.0	14.0	15.0	16.0	17.0	18.0	19.0	20.0	21.0	22.0	23.0	24.0	25.0	26.0	27.0	28.0	29.0	30.0	31.0	32.0	33.0	34.0	35.0	36.0	37.0	38.0	39.0	40.0
LV_EC_ATAC_REP2_T1_2	1.0	151.0	1562.0	4681.0	9181.0	16480.0	24576.0	32809.0	41689.0	63189.0	83354.0	98836.0	112529.0	126378.0	140095.0	155633.0	172913.0	192465.0	213948.0	239432.0	270022.0	307433.0	354909.0	417075.0	503417.0	636454.0	869249.0	1379798.0	3198258.0	6603276.0
	15.0	16.0	17.0	18.0	19.0	20.0	21.0	22.0	23.0	24.0	25.0	26.0	27.0	28.0	29.0	30.0	31.0	32.0	33.0	34.0	35.0	36.0	37.0	38.0	39.0	40.0
LV_EC_ATAC_REP3_T1_1	1.0	5.0	18.0	44.0	113.0	333.0	890.0	2076.0	4682.0	9195.0	17514.0	30107.0	47910.0	70992.0	99010.0	133159.0	171205.0	212772.0	259987.0	317233.0	387408.0	483646.0	641263.0	1001946.0	2388833.0	8452383.0
	11.0	12.0	13.0	14.0	15.0	16.0	17.0	18.0	19.0	20.0	21.0	22.0	23.0	24.0	25.0	26.0	27.0	28.0	29.0	30.0	31.0	32.0	33.0	34.0	35.0	36.0	37.0	38.0	39.0	40.0
LV_EC_ATAC_REP3_T1_2	3.0	142.0	1355.0	3743.0	7527.0	13488.0	20734.0	27871.0	36151.0	55063.0	73422.0	88273.0	100909.0	113621.0	127115.0	141748.0	158115.0	176574.0	196100.0	221390.0	249317.0	284045.0	328363.0	385289.0	465861.0	587949.0	804451.0	1279939.0	2995611.0	5788556.0

