	9.0	10.0	11.0	12.0	13.0	14.0	15.0	16.0	17.0	18.0	19.0	20.0	21.0	22.0	23.0	24.0	25.0	26.0	27.0	28.0	29.0	30.0	31.0	32.0	33.0	34.0	35.0	36.0	37.0	38.0	39.0	40.0
BR1-EC_bRNA_1	2.0	4.0	14.0	29.0	105.0	320.0	958.0	2175.0	4252.0	7476.0	12150.0	19765.0	30342.0	47250.0	73152.0	111819.0	165609.0	235890.0	324869.0	429579.0	555110.0	705191.0	887641.0	1112201.0	1425841.0	1929325.0	2768370.0	4503818.0	9051695.0	16687746.0	7001279.0	88763.0
	7.0	8.0	9.0	10.0	11.0	12.0	13.0	14.0	15.0	16.0	17.0	18.0	19.0	20.0	21.0	22.0	23.0	24.0	25.0	26.0	27.0	28.0	29.0	30.0	31.0	32.0	33.0	34.0	35.0	36.0	37.0	38.0	39.0	40.0
BR1-EC_bRNA_2	10.0	38.0	199.0	701.0	1730.0	3169.0	5283.0	7665.0	11264.0	16117.0	22628.0	31642.0	43538.0	64408.0	88959.0	119270.0	152954.0	194507.0	241094.0	294574.0	361505.0	438363.0	533894.0	656827.0	815995.0	1036309.0	1354813.0	1871393.0	2752536.0	4545736.0	9150091.0	16214221.0	7054623.0	96684.0
	8.0	9.0	10.0	11.0	12.0	13.0	14.0	15.0	16.0	17.0	18.0	19.0	20.0	21.0	22.0	23.0	24.0	25.0	26.0	27.0	28.0	29.0	30.0	31.0	32.0	33.0	34.0	35.0	36.0	37.0	38.0	39.0	40.0
BR2-EC_bRNA_1	1.0	0.0	0.0	4.0	25.0	68.0	214.0	653.0	1515.0	3102.0	5640.0	10015.0	17089.0	28222.0	46036.0	74842.0	117303.0	177190.0	257783.0	356253.0	472594.0	611390.0	772438.0	968906.0	1215535.0	1566214.0	2126848.0	3092738.0	5078141.0	9974114.0	16840987.0	5771787.0	31191.0
	6.0	7.0	8.0	9.0	10.0	11.0	12.0	13.0	14.0	15.0	16.0	17.0	18.0	19.0	20.0	21.0	22.0	23.0	24.0	25.0	26.0	27.0	28.0	29.0	30.0	31.0	32.0	33.0	34.0	35.0	36.0	37.0	38.0	39.0	40.0
BR2-EC_bRNA_2	2.0	30.0	254.0	1177.0	3853.0	8689.0	13897.0	17093.0	18452.0	19834.0	22017.0	26998.0	34996.0	47691.0	75646.0	104845.0	139314.0	178969.0	224560.0	278162.0	339837.0	413593.0	499087.0	608272.0	741659.0	920825.0	1164796.0	1518004.0	2095460.0	3090417.0	5122717.0	10040331.0	16152980.0	5661313.0	33068.0
	10.0	11.0	12.0	13.0	14.0	15.0	16.0	17.0	18.0	19.0	20.0	21.0	22.0	23.0	24.0	25.0	26.0	27.0	28.0	29.0	30.0	31.0	32.0	33.0	34.0	35.0	36.0	37.0	38.0	39.0	40.0
BR3-EC_bRNA_1	2.0	15.0	20.0	89.0	229.0	691.0	1745.0	3661.0	6645.0	11852.0	19962.0	32892.0	53713.0	86691.0	135732.0	204755.0	295230.0	407726.0	539975.0	694736.0	879973.0	1101579.0	1379724.0	1778277.0	2420832.0	3534481.0	5835079.0	11470331.0	19383508.0	6785312.0	34763.0
	7.0	8.0	9.0	10.0	11.0	12.0	13.0	14.0	15.0	16.0	17.0	18.0	19.0	20.0	21.0	22.0	23.0	24.0	25.0	26.0	27.0	28.0	29.0	30.0	31.0	32.0	33.0	34.0	35.0	36.0	37.0	38.0	39.0	40.0
BR3-EC_bRNA_2	25.0	177.0	948.0	3162.0	6829.0	11460.0	14577.0	16868.0	18909.0	23160.0	29275.0	39397.0	53498.0	84965.0	119638.0	158049.0	204642.0	256828.0	318369.0	388437.0	471665.0	569589.0	689281.0	843247.0	1043547.0	1318075.0	1722079.0	2380451.0	3533326.0	5868768.0	11531332.0	18650092.0	6690788.0	38767.0
	9.0	10.0	11.0	12.0	13.0	14.0	15.0	16.0	17.0	18.0	19.0	20.0	21.0	22.0	23.0	24.0	25.0	26.0	27.0	28.0	29.0	30.0	31.0	32.0	33.0	34.0	35.0	36.0	37.0	38.0	39.0	40.0
LG1-EC_bRNA_1	1.0	1.0	2.0	15.0	41.0	102.0	309.0	764.0	1556.0	2500.0	3975.0	6093.0	9034.0	13525.0	19078.0	26950.0	37483.0	50496.0	65230.0	82970.0	103596.0	129682.0	165389.0	215589.0	298224.0	471318.0	897525.0	2014202.0	5880278.0	13464186.0	4996811.0	30875.0
	7.0	8.0	9.0	10.0	11.0	12.0	13.0	14.0	15.0	16.0	17.0	18.0	19.0	20.0	21.0	22.0	23.0	24.0	25.0	26.0	27.0	28.0	29.0	30.0	31.0	32.0	33.0	34.0	35.0	36.0	37.0	38.0	39.0	40.0
LG1-EC_bRNA_2	45.0	238.0	973.0	2553.0	4644.0	5983.0	5986.0	5500.0	5066.0	5164.0	5579.0	6731.0	8144.0	12424.0	16641.0	20661.0	25396.0	31104.0	37856.0	45585.0	55323.0	68501.0	85328.0	110302.0	143713.0	192159.0	269303.0	447440.0	886109.0	2024023.0	6089994.0	13388530.0	4951121.0	29681.0
	11.0	12.0	13.0	14.0	15.0	16.0	17.0	18.0	19.0	20.0	21.0	22.0	23.0	24.0	25.0	26.0	27.0	28.0	29.0	30.0	31.0	32.0	33.0	34.0	35.0	36.0	37.0	38.0	39.0	40.0
LG2-EC_bRNA_1	2.0	2.0	8.0	21.0	74.0	160.0	285.0	476.0	768.0	1332.0	2031.0	2983.0	4528.0	6484.0	9305.0	12463.0	16537.0	21127.0	26777.0	34004.0	43930.0	58722.0	82902.0	137503.0	278406.0	637186.0	1666211.0	2814498.0	740146.0	8086.0
	6.0	7.0	8.0	9.0	10.0	11.0	12.0	13.0	14.0	15.0	16.0	17.0	18.0	19.0	20.0	21.0	22.0	23.0	24.0	25.0	26.0	27.0	28.0	29.0	30.0	31.0	32.0	33.0	34.0	35.0	36.0	37.0	38.0	39.0	40.0
LG2-EC_bRNA_2	2.0	21.0	113.0	343.0	902.0	1540.0	1748.0	1583.0	1449.0	1259.0	1124.0	1287.0	1394.0	1804.0	2787.0	3938.0	5037.0	6143.0	7530.0	9147.0	10956.0	13722.0	16891.0	21469.0	28248.0	37680.0	51110.0	75416.0	132205.0	275621.0	656484.0	1733885.0	2781386.0	716282.0	6451.0
	10.0	11.0	12.0	13.0	14.0	15.0	16.0	17.0	18.0	19.0	20.0	21.0	22.0	23.0	24.0	25.0	26.0	27.0	28.0	29.0	30.0	31.0	32.0	33.0	34.0	35.0	36.0	37.0	38.0	39.0	40.0
LG3-EC_bRNA_1	1.0	1.0	10.0	12.0	49.0	150.0	324.0	615.0	1150.0	1734.0	2900.0	4331.0	6559.0	9672.0	13909.0	19353.0	26170.0	34578.0	43609.0	54999.0	69552.0	89921.0	118844.0	167625.0	273224.0	547805.0	1281456.0	3626046.0	7471640.0	2362584.0	14188.0
	6.0	7.0	8.0	9.0	10.0	11.0	12.0	13.0	14.0	15.0	16.0	17.0	18.0	19.0	20.0	21.0	22.0	23.0	24.0	25.0	26.0	27.0	28.0	29.0	30.0	31.0	32.0	33.0	34.0	35.0	36.0	37.0	38.0	39.0	40.0
LG3-EC_bRNA_2	2.0	33.0	204.0	762.0	2018.0	3522.0	4248.0	3758.0	3184.0	2743.0	2575.0	2881.0	3196.0	4026.0	6386.0	8443.0	10987.0	13230.0	16406.0	19728.0	23813.0	29188.0	36129.0	45628.0	59652.0	79055.0	106064.0	152948.0	262254.0	545820.0	1296469.0	3765779.0	7402687.0	2316121.0	13072.0
	9.0	10.0	11.0	12.0	13.0	14.0	15.0	16.0	17.0	18.0	19.0	20.0	21.0	22.0	23.0	24.0	25.0	26.0	27.0	28.0	29.0	30.0	31.0	32.0	33.0	34.0	35.0	36.0	37.0	38.0	39.0	40.0
LV1-EC_bRNA_1	4.0	14.0	26.0	72.0	168.0	338.0	819.0	1650.0	3234.0	5563.0	9095.0	15216.0	23615.0	35375.0	53086.0	79756.0	118184.0	167968.0	230302.0	305716.0	391305.0	491329.0	610274.0	773228.0	1029257.0	1489587.0	2379059.0	4508853.0	10451733.0	19537423.0	6237361.0	31208.0
	6.0	7.0	8.0	9.0	10.0	11.0	12.0	13.0	14.0	15.0	16.0	17.0	18.0	19.0	20.0	21.0	22.0	23.0	24.0	25.0	26.0	27.0	28.0	29.0	30.0	31.0	32.0	33.0	34.0	35.0	36.0	37.0	38.0	39.0	40.0
LV1-EC_bRNA_2	5.0	70.0	710.0	2905.0	6969.0	10589.0	12045.0	12486.0	13387.0	15730.0	19153.0	24644.0	31757.0	40972.0	61523.0	81587.0	100933.0	122642.0	147592.0	179349.0	217219.0	271479.0	332200.0	390800.0	479068.0	593419.0	752177.0	1007761.0	1483067.0	2378234.0	4538709.0	10580904.0	18955562.0	6084538.0	30633.0
	9.0	10.0	11.0	12.0	13.0	14.0	15.0	16.0	17.0	18.0	19.0	20.0	21.0	22.0	23.0	24.0	25.0	26.0	27.0	28.0	29.0	30.0	31.0	32.0	33.0	34.0	35.0	36.0	37.0	38.0	39.0	40.0
LV2-EC_bRNA_1	4.0	15.0	23.0	62.0	138.0	305.0	714.0	1682.0	3124.0	5812.0	10149.0	17315.0	27581.0	42508.0	65824.0	100396.0	150024.0	216458.0	298213.0	393597.0	500895.0	626405.0	776328.0	984762.0	1314151.0	1934872.0	3168301.0	6131310.0	13284389.0	22143265.0	6190765.0	29976.0
	6.0	7.0	8.0	9.0	10.0	11.0	12.0	13.0	14.0	15.0	16.0	17.0	18.0	19.0	20.0	21.0	22.0	23.0	24.0	25.0	26.0	27.0	28.0	29.0	30.0	31.0	32.0	33.0	34.0	35.0	36.0	37.0	38.0	39.0	40.0
LV2-EC_bRNA_2	3.0	86.0	660.0	2509.0	6248.0	9938.0	11839.0	12691.0	14037.0	16846.0	21156.0	27462.0	36239.0	48202.0	72470.0	95260.0	119614.0	147611.0	179677.0	218862.0	267849.0	337258.0	408852.0	487271.0	599966.0	745175.0	948403.0	1279287.0	1918212.0	3168855.0	6195993.0	13547502.0	21409610.0	6037056.0	26664.0
	9.0	10.0	11.0	12.0	13.0	14.0	15.0	16.0	17.0	18.0	19.0	20.0	21.0	22.0	23.0	24.0	25.0	26.0	27.0	28.0	29.0	30.0	31.0	32.0	33.0	34.0	35.0	36.0	37.0	38.0	39.0	40.0
LV3-EC_bRNA_1	1.0	10.0	30.0	77.0	181.0	403.0	833.0	1876.0	3519.0	5824.0	9616.0	16343.0	25533.0	37201.0	56921.0	85891.0	126803.0	182269.0	253134.0	337107.0	434267.0	549162.0	686940.0	875215.0	1168865.0	1704174.0	2731267.0	5207595.0	12065229.0	22395392.0	6985011.0	18715.0
	6.0	7.0	8.0	9.0	10.0	11.0	12.0	13.0	14.0	15.0	16.0	17.0	18.0	19.0	20.0	21.0	22.0	23.0	24.0	25.0	26.0	27.0	28.0	29.0	30.0	31.0	32.0	33.0	34.0	35.0	36.0	37.0	38.0	39.0	40.0
LV3-EC_bRNA_2	5.0	104.0	827.0	3433.0	7976.0	12085.0	13466.0	13980.0	14989.0	17658.0	21820.0	27880.0	36585.0	47590.0	71655.0	93650.0	116724.0	141975.0	171194.0	207701.0	250941.0	312585.0	381239.0	450179.0	551121.0	682919.0	865972.0	1160578.0	1708451.0	2743587.0	5233431.0	12174872.0	21588399.0	6819713.0	20120.0

