Sample	CDS_Exons	5'UTR_Exons	3'UTR_Exons	Introns	TSS_up_1kb	TSS_up_1kb-5kb	TSS_up_5kb-10kb	TES_down_1kb	TES_down_1kb-5kb	TES_down_5kb-10kb	Other_intergenic
BR1-EC_bRNA	18080125.0	210156.0	6260548.0	41402243.0	53834.0	205213.0	167860.0	349787.0	712642.0	266750.0	2148137.0
BR2-EC_bRNA	19109187.0	235253.0	5399549.0	38117581.0	57747.0	178606.0	169249.0	314115.0	640480.0	249789.0	2210231.0
BR3-EC_bRNA	24287892.0	303591.0	7026487.0	45425613.0	67381.0	214938.0	184038.0	361632.0	754049.0	289137.0	2472771.0
LG1-EC_bRNA	12696248.0	182636.0	3894056.0	23178599.0	54637.0	165006.0	147119.0	286295.0	672409.0	340794.0	1896263.0
LG2-EC_bRNA	3399139.0	45275.0	857951.0	4299606.0	11056.0	27323.0	24153.0	51226.0	124770.0	55203.0	376674.0
LG3-EC_bRNA	7743766.0	97270.0	2065029.0	11906819.0	24632.0	72582.0	65833.0	137865.0	325805.0	148343.0	917057.0
LV1-EC_bRNA	18089203.0	197802.0	6114964.0	27833938.0	57821.0	174574.0	163757.0	271472.0	567190.0	219202.0	1838241.0
LV2-EC_bRNA	20076220.0	200070.0	7118717.0	23671212.0	50985.0	151154.0	136877.0	263828.0	531599.0	192112.0	1898941.0
LV3-EC_bRNA	21875341.0	263643.0	7270806.0	31799278.0	58136.0	182552.0	162158.0	308918.0	629349.0	237674.0	2006914.0
