	6.0	7.0	8.0	9.0	10.0	11.0	12.0	13.0	14.0	15.0	16.0	17.0	18.0	19.0	20.0	21.0	22.0	23.0	24.0	25.0	26.0	27.0	28.0	29.0	30.0	31.0	32.0	33.0	34.0	35.0	36.0	37.0	38.0	39.0	40.0
BR1-EC_bRNA_1	3.0	6.0	11.0	72.0	121.0	328.0	624.0	1517.0	3985.0	9376.0	17944.0	29988.0	43083.0	59361.0	80060.0	104297.0	135938.0	177117.0	229872.0	295607.0	380158.0	493075.0	647154.0	891200.0	1270438.0	1233482.0	1163566.0	1423319.0	1912451.0	2753366.0	4516332.0	9202802.0	16878016.0	6363774.0	15609.0
	5.0	6.0	7.0	8.0	9.0	10.0	11.0	12.0	13.0	14.0	15.0	16.0	17.0	18.0	19.0	20.0	21.0	22.0	23.0	24.0	25.0	26.0	27.0	28.0	29.0	30.0	31.0	32.0	33.0	34.0	35.0	36.0	37.0	38.0	39.0	40.0
BR1-EC_bRNA_2	6.0	135.0	981.0	3001.0	13161.0	87301.0	386425.0	611196.0	403562.0	244366.0	177575.0	151407.0	140041.0	135826.0	136698.0	142926.0	155741.0	175135.0	197741.0	228994.0	267694.0	314086.0	374315.0	447416.0	540188.0	659093.0	815986.0	1032785.0	1342774.0	1851845.0	2734562.0	4554232.0	9282174.0	16309699.0	6392347.0	22638.0
	7.0	8.0	9.0	10.0	11.0	12.0	13.0	14.0	15.0	16.0	17.0	18.0	19.0	20.0	21.0	22.0	23.0	24.0	25.0	26.0	27.0	28.0	29.0	30.0	31.0	32.0	33.0	34.0	35.0	36.0	37.0	38.0	39.0	40.0
BR2-EC_bRNA_1	5.0	10.0	26.0	57.0	151.0	362.0	894.0	2730.0	6586.0	13428.0	23624.0	38564.0	59894.0	90188.0	127816.0	175743.0	237722.0	316927.0	414103.0	539999.0	712896.0	975265.0	1465036.0	2110768.0	1605014.0	1310584.0	1573401.0	2117849.0	3088463.0	5104474.0	10120238.0	16954596.0	5359935.0	7186.0
	5.0	6.0	7.0	8.0	9.0	10.0	11.0	12.0	13.0	14.0	15.0	16.0	17.0	18.0	19.0	20.0	21.0	22.0	23.0	24.0	25.0	26.0	27.0	28.0	29.0	30.0	31.0	32.0	33.0	34.0	35.0	36.0	37.0	38.0	39.0	40.0
BR2-EC_bRNA_2	6.0	249.0	2334.0	9355.0	40973.0	231300.0	940804.0	1408857.0	922901.0	546545.0	366157.0	275342.0	224151.0	191418.0	173341.0	168533.0	176107.0	194721.0	220839.0	255344.0	298650.0	352363.0	420084.0	501323.0	605427.0	737543.0	912009.0	1152408.0	1496686.0	2067315.0	3063288.0	5112583.0	10110848.0	16136687.0	5228638.0	9405.0
	6.0	7.0	8.0	9.0	10.0	11.0	12.0	13.0	14.0	15.0	16.0	17.0	18.0	19.0	20.0	21.0	22.0	23.0	24.0	25.0	26.0	27.0	28.0	29.0	30.0	31.0	32.0	33.0	34.0	35.0	36.0	37.0	38.0	39.0	40.0
BR3-EC_bRNA_1	2.0	6.0	15.0	37.0	64.0	222.0	406.0	1155.0	2993.0	7488.0	15268.0	27068.0	43092.0	66307.0	95951.0	133891.0	181721.0	243269.0	317299.0	408624.0	525246.0	681704.0	895706.0	1234864.0	1704082.0	1563235.0	1445725.0	1775298.0	2405991.0	3524603.0	5857659.0	11621353.0	19493263.0	6308753.0	8788.0
	5.0	6.0	7.0	8.0	9.0	10.0	11.0	12.0	13.0	14.0	15.0	16.0	17.0	18.0	19.0	20.0	21.0	22.0	23.0	24.0	25.0	26.0	27.0	28.0	29.0	30.0	31.0	32.0	33.0	34.0	35.0	36.0	37.0	38.0	39.0	40.0
BR3-EC_bRNA_2	6.0	206.0	1718.0	6978.0	30118.0	162342.0	655669.0	999501.0	658001.0	397459.0	276806.0	219220.0	189907.0	175150.0	171045.0	176839.0	192913.0	217256.0	249891.0	288967.0	340261.0	401238.0	477254.0	568884.0	685634.0	836295.0	1033347.0	1305749.0	1697920.0	2349461.0	3502313.0	5861556.0	11610765.0	18639153.0	6199123.0	12203.0
	7.0	8.0	9.0	10.0	11.0	12.0	13.0	14.0	15.0	16.0	17.0	18.0	19.0	20.0	21.0	22.0	23.0	24.0	25.0	26.0	27.0	28.0	29.0	30.0	31.0	32.0	33.0	34.0	35.0	36.0	37.0	38.0	39.0	40.0
LG1-EC_bRNA_1	3.0	13.0	61.0	170.0	298.0	498.0	875.0	1659.0	3479.0	6464.0	10632.0	14962.0	19489.0	24595.0	30589.0	38355.0	46658.0	58414.0	73210.0	91145.0	115791.0	154947.0	247671.0	942664.0	868635.0	304089.0	315761.0	481030.0	911872.0	2062693.0	6057483.0	13600627.0	4556749.0	3567.0
	2.0	3.0	4.0	5.0	6.0	7.0	8.0	9.0	10.0	11.0	12.0	13.0	14.0	15.0	16.0	17.0	18.0	19.0	20.0	21.0	22.0	23.0	24.0	25.0	26.0	27.0	28.0	29.0	30.0	31.0	32.0	33.0	34.0	35.0	36.0	37.0	38.0	39.0	40.0
LG1-EC_bRNA_2	1082.0	1145.0	893.0	1006.0	986.0	2452.0	6503.0	14640.0	38124.0	82256.0	94967.0	87898.0	82291.0	79199.0	75563.0	74312.0	79245.0	85507.0	93452.0	109305.0	137708.0	186315.0	264395.0	346417.0	377194.0	153387.0	89041.0	98091.0	120274.0	154356.0	202214.0	278271.0	454331.0	894367.0	2057434.0	6228787.0	13458817.0	4527547.0	5376.0
	7.0	8.0	9.0	10.0	11.0	12.0	13.0	14.0	15.0	16.0	17.0	18.0	19.0	20.0	21.0	22.0	23.0	24.0	25.0	26.0	27.0	28.0	29.0	30.0	31.0	32.0	33.0	34.0	35.0	36.0	37.0	38.0	39.0	40.0
LG2-EC_bRNA_1	2.0	7.0	15.0	47.0	94.0	156.0	240.0	419.0	860.0	1530.0	2302.0	3228.0	4681.0	6536.0	9129.0	12152.0	14762.0	18827.0	26076.0	32306.0	43485.0	64892.0	127450.0	632905.0	402883.0	99541.0	91276.0	142228.0	284344.0	654602.0	1713414.0	2825379.0	650238.0	550.0
	2.0	3.0	4.0	5.0	6.0	7.0	8.0	9.0	10.0	11.0	12.0	13.0	14.0	15.0	16.0	17.0	18.0	19.0	20.0	21.0	22.0	23.0	24.0	25.0	26.0	27.0	28.0	29.0	30.0	31.0	32.0	33.0	34.0	35.0	36.0	37.0	38.0	39.0	40.0
LG2-EC_bRNA_2	272.0	292.0	272.0	230.0	295.0	1173.0	2898.0	5793.0	17675.0	41574.0	47968.0	44672.0	43018.0	41913.0	40736.0	39823.0	42876.0	46306.0	50509.0	59352.0	76608.0	105237.0	154130.0	203096.0	216811.0	70109.0	26016.0	26013.0	31587.0	40728.0	54307.0	78434.0	135303.0	279257.0	668578.0	1767812.0	2777518.0	626813.0	552.0
	7.0	8.0	9.0	10.0	11.0	12.0	13.0	14.0	15.0	16.0	17.0	18.0	19.0	20.0	21.0	22.0	23.0	24.0	25.0	26.0	27.0	28.0	29.0	30.0	31.0	32.0	33.0	34.0	35.0	36.0	37.0	38.0	39.0	40.0
LG3-EC_bRNA_1	3.0	11.0	33.0	89.0	200.0	325.0	514.0	867.0	1718.0	3192.0	4947.0	7085.0	9183.0	12209.0	15912.0	19328.0	25453.0	31033.0	39499.0	47776.0	61855.0	83262.0	133587.0	592378.0	536526.0	173906.0	181119.0	281527.0	558675.0	1317343.0	3735425.0	7530074.0	2141445.0	1395.0
	2.0	3.0	4.0	5.0	6.0	7.0	8.0	9.0	10.0	11.0	12.0	13.0	14.0	15.0	16.0	17.0	18.0	19.0	20.0	21.0	22.0	23.0	24.0	25.0	26.0	27.0	28.0	29.0	30.0	31.0	32.0	33.0	34.0	35.0	36.0	37.0	38.0	39.0	40.0
LG3-EC_bRNA_2	623.0	648.0	500.0	598.0	558.0	1675.0	4924.0	10965.0	27771.0	56123.0	62984.0	56359.0	51039.0	47813.0	45600.0	44608.0	47082.0	51488.0	55780.0	65111.0	82391.0	111935.0	160372.0	210883.0	227761.0	91271.0	47696.0	52026.0	64741.0	84159.0	111732.0	158158.0	267257.0	552840.0	1320772.0	3846668.0	7420655.0	2102411.0	1917.0
	7.0	8.0	9.0	10.0	11.0	12.0	13.0	14.0	15.0	16.0	17.0	18.0	19.0	20.0	21.0	22.0	23.0	24.0	25.0	26.0	27.0	28.0	29.0	30.0	31.0	32.0	33.0	34.0	35.0	36.0	37.0	38.0	39.0	40.0
LV1-EC_bRNA_1	4.0	73.0	260.0	471.0	834.0	1173.0	1847.0	3216.0	6303.0	11919.0	20575.0	32330.0	48051.0	66775.0	88112.0	114248.0	144889.0	185938.0	235736.0	299276.0	385312.0	511535.0	719974.0	1007448.0	929299.0	852892.0	1046663.0	1494180.0	2401365.0	4593833.0	10711175.0	19625543.0	5662972.0	4427.0
	3.0	4.0	5.0	6.0	7.0	8.0	9.0	10.0	11.0	12.0	13.0	14.0	15.0	16.0	17.0	18.0	19.0	20.0	21.0	22.0	23.0	24.0	25.0	26.0	27.0	28.0	29.0	30.0	31.0	32.0	33.0	34.0	35.0	36.0	37.0	38.0	39.0	40.0
LV1-EC_bRNA_2	1.0	3.0	23.0	720.0	6059.0	24792.0	121794.0	534606.0	699374.0	371330.0	203413.0	139476.0	104011.0	85767.0	81523.0	85841.0	93386.0	103913.0	116108.0	130902.0	147566.0	169036.0	196465.0	232506.0	284818.0	342312.0	399626.0	486404.0	602792.0	766366.0	1015219.0	1471713.0	2380010.0	4589084.0	10757753.0	18922836.0	5534272.0	6828.0
	7.0	8.0	9.0	10.0	11.0	12.0	13.0	14.0	15.0	16.0	17.0	18.0	19.0	20.0	21.0	22.0	23.0	24.0	25.0	26.0	27.0	28.0	29.0	30.0	31.0	32.0	33.0	34.0	35.0	36.0	37.0	38.0	39.0	40.0
LV2-EC_bRNA_1	6.0	77.0	209.0	411.0	571.0	967.0	1583.0	2966.0	6374.0	12579.0	22154.0	35858.0	54061.0	76519.0	102627.0	133349.0	172996.0	224113.0	286613.0	370487.0	484219.0	655386.0	1002029.0	1473890.0	1231823.0	1080404.0	1336012.0	1942995.0	3204316.0	6241854.0	13561949.0	22134041.0	5554379.0	3040.0
	4.0	5.0	6.0	7.0	8.0	9.0	10.0	11.0	12.0	13.0	14.0	15.0	16.0	17.0	18.0	19.0	20.0	21.0	22.0	23.0	24.0	25.0	26.0	27.0	28.0	29.0	30.0	31.0	32.0	33.0	34.0	35.0	36.0	37.0	38.0	39.0	40.0
LV2-EC_bRNA_2	2.0	36.0	729.0	5567.0	24278.0	151111.0	728400.0	955606.0	497468.0	266681.0	177105.0	129591.0	103344.0	96167.0	100117.0	110175.0	122983.0	138058.0	155941.0	178307.0	204808.0	239960.0	286779.0	351091.0	420727.0	498493.0	609046.0	754316.0	962233.0	1286748.0	1911568.0	3181818.0	6273263.0	13744435.0	21300273.0	5439261.0	4372.0
	6.0	7.0	8.0	9.0	10.0	11.0	12.0	13.0	14.0	15.0	16.0	17.0	18.0	19.0	20.0	21.0	22.0	23.0	24.0	25.0	26.0	27.0	28.0	29.0	30.0	31.0	32.0	33.0	34.0	35.0	36.0	37.0	38.0	39.0	40.0
LV3-EC_bRNA_1	1.0	8.0	66.0	237.0	492.0	745.0	1126.0	1840.0	3425.0	6732.0	12621.0	21481.0	32621.0	46144.0	63849.0	83761.0	106108.0	135041.0	172976.0	221036.0	283508.0	368554.0	488248.0	684546.0	1002258.0	992538.0	955449.0	1189826.0	1706968.0	2753292.0	5296514.0	12338629.0	22451340.0	6422445.0	4299.0
	3.0	4.0	5.0	6.0	7.0	8.0	9.0	10.0	11.0	12.0	13.0	14.0	15.0	16.0	17.0	18.0	19.0	20.0	21.0	22.0	23.0	24.0	25.0	26.0	27.0	28.0	29.0	30.0	31.0	32.0	33.0	34.0	35.0	36.0	37.0	38.0	39.0	40.0
LV3-EC_bRNA_2	1.0	4.0	29.0	799.0	6772.0	26754.0	111940.0	437247.0	574225.0	316573.0	179938.0	127597.0	101675.0	89281.0	88481.0	95570.0	104856.0	117432.0	131986.0	149787.0	168214.0	194086.0	225983.0	267180.0	325615.0	392008.0	458151.0	557352.0	691213.0	879629.0	1166130.0	1691758.0	2740007.0	5277758.0	12343198.0	21518467.0	6284273.0	6755.0

