Sample	total_splicing_events	known_splicing_events	partial_novel_splicing_events	novel_splicing_events	total_splicing_junctions	known_splicing_junctions	partial_novel_splicing_junctions	novel_splicing_junctions	known_splicing_events_pct	partial_novel_splicing_events_pct	novel_splicing_events_pct	known_splicing_junctions_pct	partial_novel_splicing_junctions_pct	novel_splicing_junctions_pct
BR1-EC_bRNA	4310958	4084265	49302	163191	116581	86327	3823	26431	94.74147045737863	1.1436437098204157	3.7854926909517563	74.04894451068355	3.27926506034431	22.67179042897213
BR2-EC_bRNA	4755008	4503313	53645	177244	122538	88995	4068	29475	94.70673866374148	1.1281789641573683	3.727522645598073	72.6264505704353	3.3197865152034467	24.05376291436126
BR3-EC_bRNA	6127810	5838522	74089	191873	122524	89679	4153	28692	95.27909644718096	1.2090616386604676	3.1311838976730675	73.19300708432634	3.389540008488133	23.41745290718553
LG1-EC_bRNA	3183707	3036010	43393	93220	135770	105883	8012	21875	95.36084821875882	1.3629709015308256	2.9280332643676066	77.98703690064079	5.901156367386021	16.111806731973193
LG2-EC_bRNA	813533	775423	10038	25436	66585	57726	1722	7137	95.31549427005419	1.2338774210757277	3.1266094921779444	86.69520162198694	2.586168055868439	10.718630322144627
LG3-EC_bRNA	1939791	1860026	24936	49217	109123	91518	4806	12799	95.88795906363107	1.2854993141013646	2.537232103870984	83.86682917441786	4.404204429863548	11.728966395718594
LV1-EC_bRNA	4341848	4096095	40104	183128	119469	90780	3912	24777	94.33989858696113	0.9236619983011842	4.217743228229086	75.98623910805313	3.274489616553248	20.739271275393616
LV2-EC_bRNA	4896519	4558110	41350	255947	89332	63331	1721	24280	93.08878409335286	0.8444774747121374	5.227121553086999	70.89396856669502	1.9265212913625576	27.179510141942416
LV3-EC_bRNA	5624719	5356513	56276	188156	127882	98591	5137	24154	95.23165512801617	1.0005122033651814	3.34516266501491	77.09529097136422	4.016984407500665	18.88772462113511
