Sample	TEC	snRNA	protein_coding	processed_pseudogene	antisense	sense_intronic	lincRNA	processed_transcript	miRNA	snoRNA	misc_RNA	unprocessed_pseudogene	transcribed_unprocessed_pseudogene	sense_overlapping	rRNA	transcribed_processed_pseudogene	pseudogene	ribozyme	unitary_pseudogene	scaRNA	polymorphic_pseudogene	IG_C_gene	IG_C_pseudogene	IG_J_gene	IG_D_gene	IG_D_pseudogene	IG_V_pseudogene	IG_V_gene	IG_LV_gene	TR_V_gene	TR_J_gene	TR_C_gene	TR_V_pseudogene	TR_D_gene	TR_J_pseudogene	sRNA	macro_lncRNA	3prime_overlapping_ncrna	translated_unprocessed_pseudogene	Mt_tRNA	Mt_rRNA
BR1-EC_bRNA	135173.0	5212.0	11205731.0	33335.0	62572.0	18139.0	404189.0	38499.0	55764.0	3043.0	3997.0	10677.0	5095.0	340.0	195086.0	2132.0	1285.0	63.0	380.0	194.0	5046.0	20.0	0.0	0.0	0.0	0.0	0.0	2.0	0.0	0.0	0.0	5.0	0.0	0.0	0.0	0.0	0.0	0.0	357.0	713.0	3223639.0
BR2-EC_bRNA	131973.0	4074.0	12166224.0	34266.0	64052.0	16240.0	438975.0	41937.0	91591.0	4323.0	5402.0	14583.0	4474.0	138.0	321868.0	2577.0	2035.0	179.0	309.0	480.0	3108.0	60.0	0.0	0.0	0.0	0.0	0.0	0.0	0.0	9.0	0.0	0.0	0.0	0.0	0.0	0.0	0.0	0.0	132.0	723.0	2888816.0
BR3-EC_bRNA	139412.0	5851.0	14424908.0	41591.0	71129.0	18267.0	480454.0	45408.0	134888.0	4161.0	5295.0	16218.0	5717.0	524.0	441190.0	2510.0	2089.0	233.0	282.0	349.0	4458.0	367.0	0.0	0.0	0.0	0.0	0.0	28.0	1.0	0.0	0.0	0.0	0.0	0.0	0.0	0.0	0.0	0.0	168.0	1011.0	4107636.0
LG1-EC_bRNA	68144.0	2227.0	7591751.0	24623.0	39937.0	11980.0	239200.0	25092.0	72195.0	2904.0	4291.0	5395.0	2886.0	211.0	194489.0	1994.0	1793.0	145.0	332.0	278.0	2391.0	1914.0	0.0	11.0	3.0	0.0	1.0	254.0	2.0	18.0	53.0	217.0	0.0	0.0	8.0	0.0	0.0	0.0	174.0	349.0	843252.0
LG2-EC_bRNA	11280.0	293.0	1920462.0	6869.0	8491.0	2071.0	39574.0	4231.0	21353.0	347.0	4560.0	1083.0	887.0	25.0	77689.0	366.0	483.0	203.0	43.0	110.0	603.0	989.0	0.0	1.0	0.0	0.0	0.0	36.0	0.0	3.0	2.0	20.0	0.0	0.0	0.0	0.0	0.0	0.0	6.0	24.0	115476.0
LG3-EC_bRNA	34713.0	1174.0	4498548.0	15234.0	21478.0	6707.0	119881.0	13828.0	55408.0	1473.0	4244.0	3049.0	1787.0	182.0	144581.0	937.0	994.0	163.0	232.0	150.0	1362.0	1990.0	0.0	32.0	0.0	0.0	0.0	183.0	0.0	12.0	22.0	38.0	0.0	6.0	0.0	0.0	0.0	0.0	57.0	80.0	469682.0
LV1-EC_bRNA	95211.0	3123.0	12195622.0	31327.0	52867.0	14173.0	223518.0	33887.0	123427.0	3109.0	5898.0	11531.0	5680.0	183.0	415321.0	4123.0	1559.0	435.0	612.0	168.0	1855.0	0.0	0.0	0.0	0.0	0.0	0.0	4.0	0.0	0.0	2.0	1.0	0.0	0.0	0.0	0.0	0.0	0.0	34.0	1596.0	6779886.0
LV2-EC_bRNA	79451.0	2242.0	15563744.0	36707.0	53455.0	13375.0	213334.0	33803.0	174438.0	2083.0	12242.0	16820.0	6117.0	104.0	764927.0	4711.0	2348.0	1369.0	301.0	353.0	2271.0	8.0	0.0	0.0	0.0	0.0	0.0	0.0	0.0	0.0	0.0	0.0	0.0	0.0	0.0	0.0	0.0	0.0	8.0	1743.0	9169770.0
LV3-EC_bRNA	114471.0	3770.0	15248774.0	35891.0	58792.0	16090.0	313952.0	42265.0	180424.0	3833.0	4916.0	14211.0	6399.0	218.0	567326.0	4138.0	2188.0	311.0	469.0	268.0	2692.0	46.0	0.0	0.0	0.0	0.0	0.0	0.0	0.0	0.0	1.0	30.0	0.0	0.0	0.0	0.0	0.0	0.0	94.0	2422.0	6220340.0
