Sample	total_reads	avg_input_read_length	uniquely_mapped	uniquely_mapped_percent	avg_mapped_read_length	num_splices	num_annotated_splices	num_GTAG_splices	num_GCAG_splices	num_ATAC_splices	num_noncanonical_splices	mismatch_rate	deletion_rate	deletion_length	insertion_rate	insertion_length	multimapped	multimapped_percent	multimapped_toomany	multimapped_toomany_percent	unmapped_mismatches_percent	unmapped_tooshort_percent	unmapped_other_percent	unmapped_mismatches	unmapped_tooshort	unmapped_other
BR1-EC_bRNA	48182740.0	198.0	41918632.0	87.0	192.69	5422112.0	5396163.0	5319999.0	73917.0	17320.0	10876.0	0.41	0.01	1.82	0.01	1.67	1285086.0	2.67	22624.0	0.05	0.0	10.0	0.29	0	4816713	139685
BR2-EC_bRNA	49618838.0	199.0	43033273.0	86.73	193.12	6614082.0	6582767.0	6493195.0	98335.0	7752.0	14800.0	0.45	0.01	2.03	0.01	1.86	1529395.0	3.08	20723.0	0.04	0.0	9.86	0.29	0	4891577	143870
BR3-EC_bRNA	57100220.0	199.0	49840020.0	87.29	193.6	7833150.0	7803042.0	7692585.0	112072.0	13198.0	15295.0	0.42	0.01	2.14	0.01	1.91	1896372.0	3.32	21264.0	0.04	0.0	9.09	0.27	0	5188452	154112
LG1-EC_bRNA	28987800.0	199.0	24766401.0	85.44	193.45	3965210.0	3945913.0	3887576.0	63148.0	7035.0	7451.0	0.38	0.01	2.13	0.01	1.97	813283.0	2.81	14846.0	0.05	0.0	11.48	0.23	0	3326622	66648
LG2-EC_bRNA	6606957.0	199.0	5218812.0	78.99	190.23	1040015.0	1033298.0	1022722.0	13214.0	1365.0	2714.0	0.62	0.02	2.07	0.01	1.84	225502.0	3.41	4021.0	0.06	0.0	17.36	0.17	0	1147386	11236
LG3-EC_bRNA	16243011.0	199.0	13779559.0	84.83	193.38	2499050.0	2487927.0	2459608.0	31585.0	3369.0	4488.0	0.41	0.02	2.33	0.01	2.1	473003.0	2.91	8504.0	0.05	0.0	11.99	0.22	0	1946234	35711
LV1-EC_bRNA	48980818.0	199.0	40432365.0	82.55	192.51	6418958.0	6393157.0	6308896.0	86367.0	11263.0	12432.0	0.44	0.02	2.11	0.01	2.0	2897748.0	5.92	24385.0	0.05	0.0	11.29	0.2	0	5528386	97934
LV2-EC_bRNA	58419363.0	199.0	47263735.0	80.9	190.6	8560795.0	8521771.0	8406494.0	120192.0	12809.0	21300.0	0.6	0.02	1.98	0.01	1.84	4111906.0	7.04	24917.0	0.04	0.0	11.88	0.13	0	6942831	75974
LV3-EC_bRNA	55965404.0	199.0	46814656.0	83.65	194.05	8496686.0	8469559.0	8364741.0	106165.0	10835.0	14945.0	0.37	0.01	2.36	0.01	1.93	3064394.0	5.48	22581.0	0.04	0.0	10.59	0.24	0	5929396	134377
