Sample	total_records	qc_failed	optical_pcr_duplicate	non_primary_hits	unmapped_reads	mapq_lt_mapq_cut_non-unique	mapq_gte_mapq_cut_unique	read_1	read_2	reads_map_to_sense	reads_map_to_antisense	non-splice_reads	splice_reads	reads_mapped_in_proper_pairs	proper-paired_reads_map_to_different_chrom	unique_percent	proper_pairs_percent
BR1-EC_bRNA	91187292	0	21537496	4975695	0	1634896	63039205	31526552	31512653	31519591	31519614	59027418	4011787	62964222	0	69.13156824527698	69.04933858546869
BR2-EC_bRNA	94596034	0	27858099	5645171	0	1703372	59389392	29704841	29684551	29694528	29694864	54963150	4426242	59328590	0	62.78211621430133	62.71784079235289
BR3-EC_bRNA	110105981	0	29038275	6821646	0	2059721	72186339	36102581	36083758	36093126	36093213	66486216	5700123	72124286	0	65.56077911880192	65.50442159904102
LG1-EC_bRNA	54219297	0	11287862	3120170	0	1109976	38701289	19353206	19348083	19350680	19350609	35740897	2960392	38671372	0	71.37917889271047	71.32400112085556
LG2-EC_bRNA	11758689	0	2561601	879967	0	294572	8022549	4011892	4010657	4011293	4011256	7261855	760694	8017144	0	68.22655995068838	68.18059394206276
LG3-EC_bRNA	30307374	0	7205499	1826047	0	610057	20665771	10334170	10331601	10332910	10332861	18858995	1806776	20653234	0	68.18727020031494	68.14590402982455
LV1-EC_bRNA	96077479	0	36149389	9537081	0	2072330	48318679	24162741	24155938	24159277	24159402	44277235	4041444	48279062	0	50.291368490216115	50.25013406107377
LV2-EC_bRNA	115634858	0	54215495	13000481	0	2366806	46052076	23027619	23024457	23025951	23026125	41484261	4567815	46028252	0	39.825427035159244	39.80482425117866
LV3-EC_bRNA	109508897	0	41305068	9876703	0	2079794	56247332	28127952	28119380	28123653	28123679	51022462	5224870	56207732	0	51.36325316106508	51.327091715662156
