Sample	raw_total_sequences	filtered_sequences	sequences	is_sorted	1st_fragments	last_fragments	reads_mapped	reads_mapped_and_paired	reads_unmapped	reads_properly_paired	reads_paired	reads_duplicated	reads_MQ0	reads_QC_failed	non-primary_alignments	supplementary_alignments	total_length	total_first_fragment_length	total_last_fragment_length	bases_mapped	bases_mapped_(cigar)	bases_trimmed	bases_duplicated	mismatches	error_rate	average_length	average_first_fragment_length	average_last_fragment_length	maximum_length	maximum_first_fragment_length	maximum_last_fragment_length	average_quality	insert_size_average	insert_size_standard_deviation	inward_oriented_pairs	outward_oriented_pairs	pairs_with_other_orientation	pairs_on_different_chromosomes	percentage_of_properly_paired_reads_(%)	reads_mapped_percent	reads_mapped_and_paired_percent	reads_unmapped_percent	reads_properly_paired_percent	reads_paired_percent	reads_duplicated_percent	reads_MQ0_percent	reads_QC_failed_percent
BR1-EC_bRNA	86211597.0	0.0	86211597.0	1.0	43126987.0	43084610.0	86211597.0	86015758.0	0.0	86015758.0	86211597.0	21537496.0	275402.0	0.0	4975695.0	0.0	8565855548.0	4289066586.0	4276788962.0	8565855548.0	8321206037.0	0.0	2139343238.0	37231690.0	0.004474314	99.0	99.0	99.0	101.0	101.0	101.0	37.0	461.3	1223.0	42081610.0	926269.0	0.0	0.0	99.8	100.0	99.772839145991	0.0	99.772839145991	100.0	24.982133204190614	0.31944890198472947	0.0
BR2-EC_bRNA	88950863.0	0.0	88950863.0	1.0	44508668.0	44442195.0	88950863.0	88776390.0	0.0	88776390.0	88950863.0	27858099.0	295533.0	0.0	5645171.0	0.0	8873494591.0	4445017049.0	4428477542.0	8873494591.0	8602108257.0	0.0	2777062758.0	41760306.0	0.00485466	99.0	100.0	100.0	101.0	101.0	101.0	36.8	519.5	1331.2	43938925.0	449270.0	0.0	0.0	99.8	100.0	99.80385462926876	0.0	99.80385462926876	100.0	31.318525824757877	0.3322429822856244	0.0
BR3-EC_bRNA	103284335.0	0.0	103284335.0	1.0	51674928.0	51609407.0	103284335.0	103095886.0	0.0	103095886.0	103284335.0	29038275.0	318588.0	0.0	6821646.0	0.0	10305008516.0	5161314093.0	5143694423.0	10305008516.0	10011656597.0	0.0	2894757244.0	45732713.0	0.004567947	99.0	100.0	100.0	101.0	101.0	101.0	36.8	531.6	1339.3	51091195.0	456748.0	0.0	0.0	99.8	100.0	99.81754348323973	0.0	99.81754348323973	100.0	28.114887896601164	0.30845723119580526	0.0
LG1-EC_bRNA	51099127.0	0.0	51099127.0	1.0	25554629.0	25544498.0	51099127.0	51038886.0	0.0	51038886.0	51099127.0	11287862.0	171621.0	0.0	3120170.0	0.0	5108373088.0	2553921431.0	2554451657.0	5108373088.0	4946359915.0	0.0	1129529629.0	20652786.0	0.004175351	99.0	100.0	100.0	101.0	101.0	101.0	37.9	537.0	1352.0	25222255.0	297188.0	0.0	0.0	99.9	100.0	99.88210953192997	0.0	99.88210953192997	100.0	22.090126901776618	0.33585896682735894	0.0
LG2-EC_bRNA	10878722.0	0.0	10878722.0	1.0	5440389.0	5438333.0	10878722.0	10868816.0	0.0	10868816.0	10878722.0	2561601.0	47786.0	0.0	879967.0	0.0	1086199962.0	543014009.0	543185953.0	1086199962.0	1035092558.0	0.0	256372857.0	7077365.0	0.006837422	99.0	100.0	100.0	101.0	101.0	101.0	37.7	564.2	1418.8	5321410.0	112998.0	0.0	0.0	99.9	100.0	99.9089415098575	0.0	99.9089415098575	100.0	23.54689273243677	0.4392611558600358	0.0
LG3-EC_bRNA	28481327.0	0.0	28481327.0	1.0	14243015.0	14238312.0	28481327.0	28457530.0	0.0	28457530.0	28481327.0	7205499.0	94914.0	0.0	1826047.0	0.0	2849070804.0	1424320124.0	1424750680.0	2849070804.0	2755102415.0	0.0	721463894.0	12614753.0	0.004578687	100.0	100.0	100.0	101.0	101.0	101.0	37.8	549.9	1373.8	14067909.0	160856.0	0.0	0.0	99.9	100.0	99.91644701105395	0.0	99.91644701105395	100.0	25.2990283774348	0.33324992195763914	0.0
LV1-EC_bRNA	86540398.0	0.0	86540398.0	1.0	43281684.0	43258714.0	86540398.0	86420570.0	0.0	86420570.0	86540398.0	36149389.0	464146.0	0.0	9537081.0	0.0	8642158641.0	4323725577.0	4318433064.0	8642158641.0	8339107391.0	0.0	3610275068.0	39805023.0	0.004773295	99.0	100.0	100.0	101.0	101.0	101.0	37.3	541.8	1359.5	42736408.0	473877.0	0.0	0.0	99.9	100.0	99.86153518730062	0.0	99.86153518730062	100.0	41.77169256836559	0.5363344873916572	0.0
LV2-EC_bRNA	102634377.0	0.0	102634377.0	1.0	51328802.0	51305575.0	102634377.0	102517472.0	0.0	102517472.0	102634377.0	54215495.0	560455.0	0.0	13000481.0	0.0	10251517958.0	5128389015.0	5123128943.0	10251517958.0	9788350769.0	0.0	5416838109.0	63557586.0	0.006493187	99.0	100.0	100.0	101.0	101.0	101.0	37.2	525.9	1352.0	50596794.0	661942.0	0.0	0.0	99.9	100.0	99.88609566948509	0.0	99.88609566948509	100.0	52.823913960134426	0.5460694714403538	0.0
LV3-EC_bRNA	99632194.0	0.0	99632194.0	1.0	49830746.0	49801448.0	99632194.0	99506288.0	0.0	99506288.0	99632194.0	41305068.0	405489.0	0.0	9876703.0	0.0	9961585546.0	4984407991.0	4977177555.0	9961585546.0	9675053307.0	0.0	4127487181.0	39296926.0	0.004061676	99.0	100.0	100.0	101.0	101.0	101.0	37.3	590.6	1426.0	49462382.0	290762.0	0.0	0.0	99.9	100.0	99.87362920061761	0.0	99.87362920061761	100.0	41.45755136136016	0.40698591862786837	0.0
