Sample	total_reads	total_tags	total_assigned_tags	cds_exons_total_bases	cds_exons_tag_count	cds_exons_tags_kb	5_utr_exons_total_bases	5_utr_exons_tag_count	5_utr_exons_tags_kb	3_utr_exons_total_bases	3_utr_exons_tag_count	3_utr_exons_tags_kb	introns_total_bases	introns_tag_count	introns_tags_kb	tss_up_1kb_total_bases	tss_up_1kb_tag_count	tss_up_1kb_tags_kb	tss_up_5kb_tags_kb	tss_up_10kb_tags_kb	tes_down_1kb_total_bases	tes_down_1kb_tag_count	tes_down_1kb_tags_kb	tes_down_5kb_tags_kb	tes_down_10kb_tags_kb	other_intergenic_tag_count	cds_exons_tag_pct	5_utr_exons_tag_pct	3_utr_exons_tag_pct	introns_tag_pct	tss_up_1kb_tag_pct	tss_up_5kb_tag_pct	tss_up_10kb_tag_pct	tes_down_1kb_tag_pct	tes_down_5kb_tag_pct	tes_down_10kb_tag_pct	other_intergenic_tag_pct	tss_up_5kb-10kb_total_bases	tss_up_1kb-5kb_total_bases	tss_up_5kb-10kb_tag_count	tss_up_1kb-5kb_tag_count	tes_down_5kb-10kb_total_bases	tes_down_1kb-5kb_total_bases	tes_down_5kb-10kb_tag_count	tes_down_1kb-5kb_tag_count
BR1-EC_bRNA	64674101	69857295	67709158	74244259	18080125	243.52	4624675	210156	45.44	24606306	6260548	254.43	1007265330	41402243	41.1	30156312	53834	1.79	1.88	1.71	31556701	349787	11.08	7.69	5.4	2148137	25.881513161939633	0.30083615462064484	8.9619101340812	59.26688544124132	0.07706281784887319	0.3708231187594653	0.6111129839768346	0.5007164963945426	1.5208561969082828	1.9027060810184533	3.0750360431219104	111645395	107505217	167860	205213	108148470	106598443	266750	712642
BR2-EC_bRNA	61092764	66681787	64471556	74244259	19109187	257.38	4624675	235253	50.87	24606306	5399549	219.44	1007265330	38117581	37.84	30156312	57747	1.91	1.72	1.63	31556701	314115	9.95	6.91	4.89	2210231	28.657280885408788	0.35279948331318717	8.097486949472426	57.163406553576614	0.08660085849228966	0.3544491091697947	0.6082650424470478	0.4710656599529944	1.431567813262113	1.8061663524404348	3.314594733341505	111645395	107505217	169249	178606	108148470	106598443	249789	640480
BR3-EC_bRNA	74246060	81387529	78914758	74244259	24287892	327.13	4624675	303591	65.65	24606306	7026487	285.56	1007265330	45425613	45.1	30156312	67381	2.23	2.05	1.87	31556701	361632	11.46	8.08	5.7	2472771	29.842277187208865	0.37301906536565327	8.633370599075443	55.813972433049294	0.08279032528435652	0.3468823829262589	0.5730079358964196	0.4443334309854769	1.3708254983389407	1.7260850860824146	3.0382676933219095	111645395	107505217	184038	214938	108148470	106598443	289137	754049
LG1-EC_bRNA	39811265	43514062	41617799	74244259	12696248	171.01	4624675	182636	39.49	24606306	3894056	158.25	1007265330	23178599	23.01	30156312	54637	1.81	1.6	1.47	31556701	286295	9.07	6.94	5.28	1896263	29.177345015503263	0.41971719394985463	8.948959993668254	53.266916336148995	0.1255617092240205	0.5047632648039156	0.8428585683405057	0.6579367377837536	2.203205023700155	2.9863863318483115	4.35781656054082	111645395	107505217	147119	165006	108148470	106598443	340794	672409
LG2-EC_bRNA	8317121	9272376	8895702	74244259	3399139	45.78	4624675	45275	9.79	24606306	857951	34.87	1007265330	4299606	4.27	30156312	11056	0.37	0.28	0.25	31556701	51226	1.62	1.27	0.94	376674	36.658770093016074	0.4882783010525026	9.252763261541594	46.370056606850284	0.11923588948506833	0.41390685623620094	0.6743902533719512	0.5524581833178465	1.898067981712562	2.4934170055226406	4.062324478644955	111645395	107505217	24153	27323	108148470	106598443	55203	124770
LG3-EC_bRNA	21275828	23505001	22587944	74244259	7743766	104.3	4624675	97270	21.03	24606306	2065029	83.92	1007265330	11906819	11.82	30156312	24632	0.82	0.71	0.65	31556701	137865	4.37	3.36	2.48	917057	32.94518472898597	0.4138268277461465	8.785487820230257	50.65653475190237	0.10479472006829525	0.41358858057483167	0.6936694025241693	0.5865347548804614	1.972644034348265	2.6037565367472224	3.9015399318638613	111645395	107505217	65833	72582	108148470	106598443	148343	325805
LV1-EC_bRNA	50391009	55528164	53689923	74244259	18089203	243.64	4624675	197802	42.77	24606306	6114964	248.51	1007265330	27833938	27.63	30156312	57821	1.92	1.69	1.59	31556701	271472	8.6	6.07	4.29	1838241	32.576627240907875	0.35621923318048115	11.012364824451966	50.125802826832164	0.10412914066454639	0.4185173491419597	0.713425352943418	0.48889064655550285	1.510336268276401	1.9050945030345323	3.310466018649563	111645395	107505217	163757	174574	108148470	106598443	219202	567190
LV2-EC_bRNA	48418882	54291715	52392774	74244259	20076220	270.41	4624675	200070	43.26	24606306	7118717	289.3	1007265330	23671212	23.5	30156312	50985	1.69	1.47	1.36	31556701	263828	8.36	5.76	4.01	1898941	36.97842295090513	0.3685092651797793	13.111976661632443	43.600044684534275	0.09390935615130228	0.3723201597149768	0.6244341332742942	0.4859452312383206	1.4650983119615948	1.8189497237285652	3.4976625807455157	111645395	107505217	136877	151154	108148470	106598443	192112	531599
LV3-EC_bRNA	58327126	64794769	62787855	74244259	21875341	294.64	4624675	263643	57.01	24606306	7270806	295.49	1007265330	31799278	31.57	30156312	58136	1.93	1.75	1.62	31556701	308918	9.79	6.79	4.77	2006914	33.76096764848409	0.40688932774804704	11.221285471362664	49.07692162618868	0.08972329232318121	0.3714620851569052	0.6217261149584468	0.4767637955465201	1.4480597963085569	1.8148702713949023	3.097339539863164	111645395	107505217	162158	182552	108148470	106598443	237674	629349
