Sample	bam_file	reads_aligned	total_alignments	non_unique_alignments	reads_aligned_genes	ambiguous_alignments	not_aligned	5_3_bias	reads_aligned_exonic	reads_aligned_intronic	reads_aligned_intergenic	reads_aligned_overlapping_exon
BR1-EC_bRNA	BR1-EC_bRNA.markdup.sorted.bam	43007879.0	91187292.0	7537276.0	27140036.0	2101975.0	0.0	0.86	27140036.0	50066645.0	4341360.0	2280251.0
BR2-EC_bRNA	BR2-EC_bRNA.markdup.sorted.bam	44388195.0	94596034.0	8695739.0	28319558.0	2845204.0	0.0	0.86	28319558.0	50039275.0	4696258.0	2630432.0
BR3-EC_bRNA	BR3-EC_bRNA.markdup.sorted.bam	51547943.0	110105981.0	10603503.0	35162053.0	3675882.0	0.0	1.02	35162053.0	55479215.0	5185328.0	3085938.0
LG1-EC_bRNA	LG1-EC_bRNA.markdup.sorted.bam	25519443.0	54219297.0	4744419.0	15617495.0	1695478.0	0.0	0.85	15617495.0	28060615.0	4101290.0	1618479.0
LG2-EC_bRNA	LG2-EC_bRNA.markdup.sorted.bam	5434408.0	11758689.0	1330457.0	3746888.0	487128.0	0.0	0.95	3746888.0	5430297.0	763919.0	400527.0
LG3-EC_bRNA	LG3-EC_bRNA.markdup.sorted.bam	14228765.0	30307374.0	2771081.0	9249263.0	1239619.0	0.0	0.91	9249263.0	15027872.0	2019539.0	958094.0
LV1-EC_bRNA	LV1-EC_bRNA.markdup.sorted.bam	43210285.0	96077479.0	15323521.0	36398351.0	3570469.0	0.0	0.78	36398351.0	36397059.0	4388079.0	2292043.0
LV2-EC_bRNA	LV2-EC_bRNA.markdup.sorted.bam	51258736.0	115634858.0	21213515.0	48086605.0	5708350.0	0.0	0.78	48086605.0	35417755.0	5208633.0	2838269.0
LV3-EC_bRNA	LV3-EC_bRNA.markdup.sorted.bam	49753144.0	109508897.0	15996641.0	41367522.0	4292586.0	0.0	0.82	41367522.0	42853904.0	4998244.0	2897637.0
